   38.507N  121.496W          UA_ID:    23230  SF_ID:    23232  OS_ID:              VERSION: 19191   THRESH_1MIN =  0.50 m/s;  ADJ_U*  CCVR_Sub TEMP_Sub
18 10 23 296  1  -24.9  0.250 -9.000 -9.000 -999.  300.     68.8  0.1560   0.93   1.00    2.72  138.0   10.1  284.2    2.0     0   0.00    86.  1013.     0 ADJ-A1  NoSubs      
18 10 23 296  2  -24.6  0.247 -9.000 -9.000 -999.  295.     67.2  0.1560   0.93   1.00    2.69  141.0   10.1  284.2    2.0     0   0.00    86.  1013.     0 ADJ-A1  NoSubs      
18 10 23 296  3  -19.3  0.193 -9.000 -9.000 -999.  205.     41.1  0.0550   0.93   1.00    2.69  159.0   10.1  283.8    2.0     0   0.00    85.  1013.     0 ADJ-A1  NoSubs      
18 10 23 296  4  -13.1  0.154 -9.000 -9.000 -999.  146.     26.2  0.0550   0.93   1.00    2.18  150.0   10.1  283.8    2.0     0   0.00    85.  1013.     0 ADJ-A1  NoSubs      
18 10 23 296  5  -21.9  0.219 -9.000 -9.000 -999.  246.     52.8  0.1560   0.93   1.00    2.40  144.0   10.1  283.1    2.0     0   0.00    89.  1013.     0 ADJ-A1  NoSubs      
18 10 23 296  6  -21.4  0.213 -9.000 -9.000 -999.  236.     50.0  0.0550   0.93   1.00    2.95  154.0   10.1  283.1    2.0     0   0.00    89.  1014.     0 ADJ-A1  NoSubs      
18 10 23 296  7  -19.0  0.191 -9.000 -9.000 -999.  201.     40.2  0.0550   0.93   0.72    2.66  164.0   10.1  283.8    2.0     0   0.00    89.  1014.     0 ADJ-A1  NoSubs      
18 10 23 296  8    8.2  0.307  0.403  0.026  287.  407.   -317.2  0.0670   0.93   0.35    3.76  187.0   10.1  285.4    2.0     0   0.00    80.  1015.     0 ADJ-A1  NoSubs      
18 10 23 296  9   66.0  0.310  1.049  0.026  634.  415.    -41.0  0.0550   0.93   0.24    3.64  178.0   10.1  288.1    2.0     0   0.00    66.  1015.     0 ADJ-A1  NoSubs      
18 10 23 296 10  112.8  0.316  1.305  0.025  714.  427.    -25.4  0.0670   0.93   0.20    3.42  193.0   10.1  289.9    2.0     0   0.00    59.  1015.     0 ADJ-A1  NoSubs      
18 10 23 296 11  144.4  0.339  1.435  0.024  743.  474.    -24.5  0.0770   0.93   0.19    3.54  222.0   10.1  291.4    2.0     0   0.00    53.  1016.     0 ADJ-A1  NoSubs      
18 10 23 296 12  159.1  0.399  1.493  0.022  759.  605.    -36.2  0.0770   0.93   0.18    4.31  235.0   10.1  292.5    2.0     0   0.00    46.  1015.     0 ADJ-A1  NoSubs      
18 10 23 296 13  156.6  0.325  1.492  0.020  768.  449.    -19.9  0.0670   0.93   0.18    3.44  206.0   10.1  293.1    2.0     0   0.00    46.  1014.     0 ADJ-A1  NoSubs      
18 10 23 296 14  137.3  0.245  1.432  0.019  775.  295.     -9.7  0.0670   0.93   0.19    2.40  187.0   10.1  294.2    2.0     0   0.00    41.  1014.     0 ADJ-A1  NoSubs      
18 10 23 296 15  101.1  0.261  1.295  0.018  778.  319.    -15.8  0.0670   0.93   0.21    2.69  208.0   10.1  294.2    2.0     0   0.00    41.  1014.     0 ADJ-A1  NoSubs      
18 10 23 296 16   50.8  0.204  1.031  0.017  780.  223.    -15.2  0.0670   0.93   0.26    2.10  193.0   10.1  294.9    2.0     0   0.00    38.  1014.     0 ADJ-A1  NoSubs      
18 10 23 296 17   -3.9  0.145 -9.000 -9.000 -999.  134.     70.9  0.0670   0.93   0.43    1.91  195.0   10.1  293.1    2.0     0   0.00    44.  1013.     0 ADJ-A1  NoSubs      
18 10 23 296 18  -13.6  0.160 -9.000 -9.000 -999.  154.     28.3  0.0770   0.93   1.00    2.11  213.0   10.1  289.9    2.0     0   0.00    57.  1013.     0 ADJ-A1  NoSubs      
18 10 23 296 19  -13.3  0.158 -9.000 -9.000 -999.  151.     27.4  0.0770   0.93   1.00    2.08  213.0   10.1  287.5    2.0     0   0.00    66.  1013.     0 ADJ-A1  NoSubs      
18 10 23 296 20   -7.2  0.114 -9.000 -9.000 -999.   93.     18.7  0.0670   0.93   1.00    1.59  185.0   10.1  287.0    2.0     0   0.00    71.  1013.     0 ADJ-A1  NoSubs      
18 10 23 296 21   -7.3  0.115 -9.000 -9.000 -999.   94.     18.8  0.0670   0.93   1.00    1.60  187.0   10.1  286.4    2.0     0   0.00    77.  1014.     0 ADJ-A1  NoSubs      
18 10 23 296 22   -5.4  0.099 -9.000 -9.000 -999.   75.     16.0  0.0670   0.93   1.00    1.38  189.0   10.1  284.2    2.0     0   0.00    86.  1014.     0 ADJ-A1  NoSubs      
18 10 23 296 23   -3.0  0.075 -9.000 -9.000 -999.   49.     12.7  0.0550   0.93   1.00    1.03  173.0   10.1  283.1    2.0     0   0.00    92.  1014.     0 ADJ-A1  NoSubs      
18 10 23 296 24   -8.0  0.124 -9.000 -9.000 -999.  105.     21.7  0.1560   0.93   1.00    1.42  141.0   10.1  282.5    2.0     0   0.00    96.  1014.     0 ADJ-A1  NoSubs