   38.507N  121.496W          UA_ID:    23230  SF_ID:    23232  OS_ID:              VERSION: 19191   THRESH_1MIN =  0.50 m/s;  ADJ_U*  CCVR_Sub TEMP_Sub
16  5  9 130 10  169.6  0.342  1.509  0.015  733.  481.    -21.3  0.0650   0.66   0.16    3.66  208.0   10.1  291.4    2.0     0   0.00    65.  1014.     0 ADJ-A1  NoSubs      
16  5  9 130 11  196.8  0.338  1.637  0.015  807.  472.    -17.7  0.0720   0.66   0.16    3.47  221.0   10.1  293.8    2.0     0   0.00    56.  1014.     0 ADJ-A1  NoSubs      
16  5  9 130 12  210.6  0.335  1.723  0.015  878.  466.    -16.2  0.0720   0.66   0.16    3.41  227.0   10.1  294.9    2.0     0   0.00    54.  1013.     0 ADJ-A1  NoSubs      
16  5  9 130 13  211.8  0.357  1.769  0.015  946.  512.    -19.4  0.0720   0.66   0.16    3.70  214.0   10.1  296.4    2.0     0   0.00    51.  1012.     0 ADJ-A1  NoSubs      
16  5  9 130 14  202.3  0.324  1.798  0.015 1040.  444.    -15.2  0.0650   0.66   0.16    3.36  194.0   10.1  296.4    2.0     0   0.00    47.  1012.     3 ADJ-A1  NoSubs      
16  5  9 130 15  177.4  0.340  1.776  0.019 1142.  477.    -20.1  0.0720   0.66   0.16    3.54  222.0   10.1  297.0    2.0     0   0.00    47.  1012.     3 ADJ-A1  NoSubs      
16  5  9 130 16  136.9  0.295  1.638  0.018 1160.  385.    -16.8  0.0720   0.66   0.17    3.01  213.0   10.1  297.0    2.0     0   0.00    45.  1011.     0 ADJ-A1  NoSubs      
16  5  9 130 17   89.7  0.234  1.428  0.017 1171.  273.    -12.8  0.0650   0.66   0.19    2.38  204.0   10.1  297.0    2.0     0   0.00    45.  1011.     0 ADJ-A1  NoSubs      
16  5  9 130 18   35.3  0.254  1.048  0.017 1175.  307.    -41.6  0.0720   0.66   0.27    2.81  212.0   10.1  295.9    2.0     0   0.00    50.  1011.     0 ADJ-A1  NoSubs      
16  5  9 130 19  -13.6  0.216 -9.000 -9.000 -999.  241.     66.4  0.0650   0.66   0.50    2.86  194.0   10.1  293.8    2.0     0   0.00    60.  1011.     0 ADJ-A1  NoSubs      
16  5  9 130 20  -24.5  0.252 -9.000 -9.000 -999.  304.     70.0  0.0650   0.66   1.00    3.35  208.0   10.1  290.9    2.0     0   0.00    72.  1011.     0 ADJ-A1  NoSubs      
16  5  9 130 21  -22.4  0.229 -9.000 -9.000 -999.  263.     57.5  0.0650   0.66   1.00    3.05  206.0   10.1  289.2    2.0     0   0.00    77.  1012.     0 ADJ-A1  NoSubs      
16  5  9 130 22  -13.4  0.158 -9.000 -9.000 -999.  152.     27.3  0.0650   0.66   1.00    2.15  201.0   10.1  287.5    2.0     0   0.00    80.  1012.     0 ADJ-A1  NoSubs      
16  5  9 130 23   -9.5  0.131 -9.000 -9.000 -999.  114.     21.7  0.0650   0.66   1.00    1.82  188.0   10.1  286.4    2.0     0   0.00    86.  1012.     0 ADJ-A1  NoSubs      
16  5  9 130 24   -5.6  0.100 -9.000 -9.000 -999.   76.     16.0  0.0550   0.66   1.00    1.45  163.0   10.1  285.9    2.0     0   0.00    86.  1012.     0 ADJ-A1  NoSubs      
16  5 10 131  1   -8.2  0.121 -9.000 -9.000 -999.  101.     19.5  0.0550   0.66   1.00    1.74  173.0   10.1  285.4    2.0     0   0.00    86.  1012.     0 ADJ-A1  NoSubs      
16  5 10 131  2   -4.0  0.085 -9.000 -9.000 -999.   60.     14.0  0.0650   0.66   1.00    1.18  181.0   10.1  285.4    2.0     0   0.00    89.  1012.     0 ADJ-A1  NoSubs      
16  5 10 131  3   -4.6  0.091 -9.000 -9.000 -999.   66.     14.9  0.0650   0.66   1.00    1.28  184.0   10.1  284.9    2.0     0   0.00    89.  1012.     0 ADJ-A1  NoSubs      
16  5 10 131  4   -4.8  0.093 -9.000 -9.000 -999.   68.     15.1  0.0650   0.66   1.00    1.30  185.0   10.1  284.9    2.0     0   0.00    89.  1012.     0 ADJ-A1  NoSubs      
16  5 10 131  5   -7.9  0.120 -9.000 -9.000 -999.   99.     19.5  0.0650   0.66   1.00    1.67  204.0   10.1  284.9    2.0     0   0.00    89.  1013.     0 ADJ-A1  NoSubs      
16  5 10 131  6  -12.9  0.171 -9.000 -9.000 -999.  169.     34.8  0.0720   0.66   0.52    2.25  224.0   10.1  285.4    2.0     0   0.00    89.  1013.     0 ADJ-A1  NoSubs      
16  5 10 131  7   29.0  0.179  0.617  0.015  292.  182.    -17.8  0.0720   0.66   0.28    1.84  222.0   10.1  287.0    2.0     0   0.00    83.  1014.     0 ADJ-A1  NoSubs      
16  5 10 131  8   84.1  0.160  1.065  0.017  520.  153.     -4.4  0.0720   0.66   0.20    1.37  223.0   10.1  290.4    2.0     0   0.00    72.  1014.     0 ADJ-A1  NoSubs      
16  5 10 131  9  132.5  0.198  1.264  0.016  552.  211.     -5.3  0.1170   0.66   0.17    1.52  249.0   10.1  292.5    2.0     0   0.00    65.  1014.     0 ADJ-A1  NoSubs      
16  5 10 131 10  171.6  0.182  1.410  0.014  591.  187.     -3.2  0.0550   0.66   0.16    1.60  169.0   10.1  295.4    2.0     0   0.00    56.  1013.     0 ADJ-A1  NoSubs      
16  5 10 131 11  198.9  0.289  1.514  0.012  632.  373.    -11.0  0.0970   0.66   0.16    2.61  296.0   10.1  297.5    2.0     0   0.00    49.  1013.     0 ADJ-A1  NoSubs      
16  5 10 131 12  213.1  0.273  1.574  0.010  662.  342.     -8.6  0.0810   0.66   0.16    2.50  329.0   10.1  299.2    2.0     0   0.00    43.  1013.     0 ADJ-A1  NoSubs      
16  5 10 131 13  215.0  0.287  1.644  0.009  747.  370.    -10.0  0.0660   0.66   0.16    2.83  331.0   10.1  302.0    2.0     0   0.00    36.  1012.     0 ADJ-A1  NoSubs      
16  5 10 131 14  203.6  0.377  1.769  0.014  982.  555.    -23.7  0.0660   0.66   0.16    4.06  334.0   10.1  303.8    2.0     0   0.00    28.  1012.     0 ADJ-A1  NoSubs      
16  5 10 131 15  178.5  0.459  1.711  0.012 1015.  746.    -48.9  0.0660   0.66   0.16    5.24  336.0   10.1  304.2    2.0     0   0.00    17.  1011.     0 ADJ-A1  NoSubs      
16  5 10 131 16  141.3  0.392  1.606  0.012 1057.  592.    -38.4  0.0810   0.66   0.17    4.20  329.0   10.1  304.2    2.0     0   0.00    18.  1011.     0 ADJ-A1  NoSubs      
16  5 10 131 17   94.2  0.306  1.428  0.012 1115.  410.    -27.3  0.0660   0.66   0.19    3.34  335.0   10.1  304.2    2.0     0   0.00    15.  1010.     0 ADJ-A1  NoSubs      
16  5 10 131 18   39.3  0.309  1.070  0.012 1123.  413.    -67.7  0.0810   0.66   0.27    3.44  315.0   10.1  302.5    2.0     0   0.00    18.  1010.     0 ADJ-A1  NoSubs      
16  5 10 131 19  -16.2  0.275 -9.000 -9.000 -999.  347.    116.3  0.1170   0.66   0.49    3.17  265.0   10.1  296.4    2.0     0   0.00    56.  1011.     0 ADJ-A1  NoSubs      
16  5 10 131 20  -21.6  0.224 -9.000 -9.000 -999.  256.     55.3  0.0720   0.66   1.00    2.93  217.0   10.1  293.1    2.0     0   0.00    67.  1011.     0 ADJ-A1  NoSubs      
16  5 10 131 21  -14.5  0.165 -9.000 -9.000 -999.  162.     30.1  0.0720   0.66   1.00    2.20  212.0   10.1  290.9    2.0     0   0.00    72.  1012.     0 ADJ-A1  NoSubs      
16  5 10 131 22  -20.2  0.206 -9.000 -9.000 -999.  225.     46.9  0.0720   0.66   1.00    2.71  223.0   10.1  289.9    2.0     0   0.00    72.  1012.     0 ADJ-A1  NoSubs      
16  5 10 131 23  -20.1  0.205 -9.000 -9.000 -999.  222.     46.1  0.0720   0.66   1.00    2.69  229.0   10.1  288.8    2.0     0   0.00    74.  1012.     0 ADJ-A1  NoSubs      
16  5 10 131 24   -9.9  0.135 -9.000 -9.000 -999.  120.     22.3  0.0650   0.66   1.00    1.86  187.0   10.1  288.1    2.0     0   0.00    80.  1012.     0 ADJ-A1  NoSubs      