   38.507N  121.496W          UA_ID:    23230  SF_ID:    23232  OS_ID:              VERSION: 19191   THRESH_1MIN =  0.50 m/s;  ADJ_U*  CCVR_Sub TEMP_Sub
18 10 22 295  1   -7.6  0.116 -9.000 -9.000 -999.   95.     18.7  0.0550   0.93   1.00    1.68  165.0   10.1  284.9    2.0     0   0.00    89.  1012.     0 ADJ-A1  NoSubs      
18 10 22 295  2   -7.5  0.116 -9.000 -9.000 -999.   94.     18.6  0.0550   0.93   1.00    1.67  161.0   10.1  284.9    2.0     0   0.00    85.  1012.     0 ADJ-A1  NoSubs      
18 10 22 295  3  -12.5  0.151 -9.000 -9.000 -999.  140.     24.9  0.0550   0.93   1.00    2.13  169.0   10.1  284.9    2.0     0   0.00    85.  1012.     0 ADJ-A1  NoSubs      
18 10 22 295  4  -11.1  0.141 -9.000 -9.000 -999.  128.     23.0  0.0550   0.93   1.00    2.01  165.0   10.1  284.2    2.0     0   0.00    89.  1012.     0 ADJ-A1  NoSubs      
18 10 22 295  5   -7.7  0.117 -9.000 -9.000 -999.   96.     18.8  0.0550   0.93   1.00    1.69  163.0   10.1  283.1    2.0     0   0.00    92.  1012.     0 ADJ-A1  NoSubs      
18 10 22 295  6   -6.4  0.108 -9.000 -9.000 -999.   85.     17.4  0.0670   0.93   1.00    1.50  181.0   10.1  282.5    2.0     0   0.00    96.  1012.     0 ADJ-A1  NoSubs      
18 10 22 295  7   -4.4  0.089 -9.000 -9.000 -999.   63.     14.2  0.0550   0.93   0.71    1.28  179.0   10.1  282.5    2.0     0   0.00    92.  1013.     0 ADJ-A1  NoSubs      
18 10 22 295  8    9.1  0.127  0.524  0.029  569.  109.    -20.5  0.1560   0.93   0.35    1.09  137.0   10.1  284.2    2.0     0   0.00    86.  1013.     0 ADJ-A1  NoSubs      
18 10 22 295  9   66.7  0.117  1.021  0.028  576.   96.     -2.2  0.0770   0.93   0.24    0.87  228.0   10.1  285.9    2.0     0   0.00    79.  1013.     0 ADJ-A1  NoSubs      
18 10 22 295 10  113.9  0.169  1.229  0.026  589.  167.     -3.8  0.0670   0.93   0.20    1.45  209.0   10.1  288.8    2.0     0   0.00    66.  1013.     0 ADJ-A1  NoSubs      
18 10 22 295 11  145.7  0.178  1.340  0.024  597.  180.     -3.5  0.0670   0.93   0.18    1.50  208.0   10.1  290.9    2.0     0   0.00    59.  1013.     0 ADJ-A1  NoSubs      
18 10 22 295 12  161.2  0.216  1.390  0.022  603.  241.     -5.6  0.0770   0.93   0.18    1.89  237.0   10.1  293.8    2.0     0   0.00    48.  1012.     0 ADJ-A1  NoSubs      
18 10 22 295 13  159.8  0.255  1.391  0.019  608.  310.     -9.4  0.1010   0.93   0.18    2.23  297.0   10.1  296.4    2.0     0   0.00    36.  1011.     0 ADJ-A1  NoSubs      
18 10 22 295 14  140.6  0.254  1.336  0.017  612.  307.    -10.5  0.1010   0.93   0.19    2.25  294.0   10.1  297.5    2.0     0   0.00    31.  1011.     0 ADJ-A1  NoSubs      
18 10 22 295 15  105.1  0.243  1.216  0.016  616.  287.    -12.3  0.1010   0.93   0.21    2.20  281.0   10.1  298.8    2.0     0   0.00    26.  1010.     0 ADJ-A1  NoSubs      
18 10 22 295 16   54.1  0.236  0.975  0.015  617.  276.    -21.9  0.0770   0.93   0.26    2.44  230.0   10.1  298.1    2.0     0   0.00    35.  1010.     0 ADJ-A1  NoSubs      
18 10 22 295 17   -5.1  0.272 -9.000 -9.000 -999.  341.    354.6  0.0770   0.93   0.42    3.37  213.0   10.1  295.4    2.0     0   0.00    39.  1010.     0 ADJ-A1  NoSubs      
18 10 22 295 18  -20.0  0.207 -9.000 -9.000 -999.  228.     47.2  0.0670   0.93   1.00    2.76  198.0   10.1  292.5    2.0     0   0.00    48.  1011.     0 ADJ-A1  NoSubs      
18 10 22 295 19  -25.0  0.257 -9.000 -9.000 -999.  313.     72.7  0.0670   0.93   1.00    3.39  202.0   10.1  290.4    2.0     0   0.00    62.  1011.     0 ADJ-A1  NoSubs      
18 10 22 295 20  -27.2  0.277 -9.000 -9.000 -999.  349.     84.2  0.0670   0.93   1.00    3.64  205.0   10.1  288.1    2.0     0   0.00    71.  1012.     0 ADJ-A1  NoSubs      
18 10 22 295 21  -26.9  0.273 -9.000 -9.000 -999.  342.     82.0  0.0770   0.93   1.00    3.49  210.0   10.1  287.0    2.0     0   0.00    71.  1012.     0 ADJ-A1  NoSubs      
18 10 22 295 22  -22.7  0.230 -9.000 -9.000 -999.  265.     58.2  0.0670   0.93   1.00    3.05  209.0   10.1  286.4    2.0     0   0.00    71.  1012.     0 ADJ-A1  NoSubs      
18 10 22 295 23  -14.9  0.165 -9.000 -9.000 -999.  162.     30.0  0.0550   0.93   1.00    2.32  179.0   10.1  285.4    2.0     0   0.00    76.  1012.     0 ADJ-A1  NoSubs      
18 10 22 295 24  -22.6  0.228 -9.000 -9.000 -999.  261.     57.1  0.1560   0.93   1.00    2.49  140.0   10.1  285.4    2.0     0   0.00    76.  1013.     0 ADJ-A1  NoSubs