1,1,1
1,1,1
1,1,1
4.5565e+05,3.7584e+06,1
4.643e+05,3.7624e+06,1
4.5708e+05,3.7583e+06,1
4.6839e+05,3.7596e+06,1
4.5585e+05,3.7584e+06,1
4.5726e+05,3.7583e+06,1
4.6513e+05,3.762e+06,1
4.5578e+05,3.7584e+06,1
4.6598e+05,3.7642e+06,1
4.6e+05,3.7588e+06,1
4.5683e+05,3.7583e+06,1
4.6176e+05,3.7595e+06,1
4.6465e+05,3.7627e+06,1
4.5827e+05,3.7587e+06,1
4.6243e+05,3.7595e+06,1
4.6441e+05,3.7626e+06,1
4.514e+05,3.7581e+06,1
4.6446e+05,3.7627e+06,1
4.6399e+05,3.7619e+06,1
4.5654e+05,3.7583e+06,1
4.654e+05,3.7618e+06,1
4.5259e+05,3.7592e+06,1
4.6449e+05,3.7654e+06,1
4.7479e+05,3.748e+06,1
4.5984e+05,3.7587e+06,1
4.5227e+05,3.7589e+06,1
4.654e+05,3.7635e+06,1
4.647e+05,3.7629e+06,1
4.513e+05,3.7581e+06,1
4.6495e+05,3.7618e+06,1
4.6454e+05,3.7627e+06,1
4.7438e+05,3.7494e+06,1
4.536e+05,3.759e+06,1
4.6548e+05,3.7638e+06,1
4.6909e+05,3.7583e+06,1
4.642e+05,3.762e+06,1
4.59e+05,3.7587e+06,1
4.6477e+05,3.7628e+06,1
4.6122e+05,3.7523e+06,1
4.6818e+05,3.7567e+06,1
4.685e+05,3.7536e+06,1
4.7183e+05,3.7559e+06,1
4.6774e+05,3.7628e+06,1
4.6175e+05,3.7583e+06,1
4.6874e+05,3.7476e+06,1
4.6842e+05,3.752e+06,1
4.6457e+05,3.7496e+06,1
4.6456e+05,3.7603e+06,1
4.5709e+05,3.7567e+06,1
4.5558e+05,3.7511e+06,1
4.6576e+05,3.7631e+06,1
4.6514e+05,3.7579e+06,1
4.662e+05,3.76e+06,1
4.6355e+05,3.7585e+06,1
4.6826e+05,3.7607e+06,1
4.7372e+05,3.7536e+06,1
4.6301e+05,3.7547e+06,1
4.6517e+05,3.7586e+06,1
4.5922e+05,3.7561e+06,1
4.5707e+05,3.7595e+06,1
4.6892e+05,3.764e+06,1
4.6394e+05,3.7586e+06,1
4.5675e+05,3.7569e+06,1
4.7442e+05,3.7505e+06,1
4.6167e+05,3.7531e+06,1
4.6041e+05,3.7579e+06,1
4.6689e+05,3.7594e+06,1
4.5831e+05,3.7513e+06,1
4.5552e+05,3.7562e+06,1
4.5384e+05,3.7495e+06,1
4.7068e+05,3.7571e+06,1
4.5576e+05,3.7551e+06,1
4.7441e+05,3.7502e+06,1
4.6353e+05,3.7587e+06,1
4.7122e+05,3.757e+06,1
4.7172e+05,3.7527e+06,1
4.6021e+05,3.7556e+06,1
4.6579e+05,3.762e+06,1
4.6455e+05,3.7611e+06,1
4.7031e+05,3.7511e+06,1
4.5961e+05,3.7527e+06,1
4.5796e+05,3.7586e+06,1
4.5293e+05,3.7567e+06,1
4.6681e+05,3.7564e+06,1
4.54e+05,3.7516e+06,1
4.6967e+05,3.7542e+06,1
4.5277e+05,3.7567e+06,1
4.6337e+05,3.7552e+06,1
4.5753e+05,3.7556e+06,1
4.7411e+05,3.7517e+06,1
4.6589e+05,3.7562e+06,1
4.5533e+05,3.7594e+06,1
4.5505e+05,3.7507e+06,1
4.5937e+05,3.7528e+06,1
4.6582e+05,3.7606e+06,1
4.687e+05,3.7486e+06,1
4.6261e+05,3.7551e+06,1
4.5149e+05,3.7576e+06,1
4.6376e+05,3.7571e+06,1
4.644e+05,3.7575e+06,1
4.652e+05,3.7574e+06,1
4.6564e+05,3.7554e+06,1
4.5506e+05,3.753e+06,1
4.6938e+05,3.7519e+06,1
4.5576e+05,3.7507e+06,1
4.6367e+05,3.7568e+06,1
4.6255e+05,3.7499e+06,1
4.6476e+05,3.7607e+06,1
4.6734e+05,3.7594e+06,1
4.6627e+05,3.7624e+06,1
4.6887e+05,3.76e+06,1
4.6114e+05,3.7572e+06,1
4.687e+05,3.749e+06,1
4.6541e+05,3.7613e+06,1
4.5153e+05,3.7521e+06,1
4.6367e+05,3.7554e+06,1
4.676e+05,3.7621e+06,1
4.6453e+05,3.7501e+06,1
4.6726e+05,3.7495e+06,1
4.6356e+05,3.7488e+06,1
4.6362e+05,3.7503e+06,1
4.5447e+05,3.7569e+06,1
4.653e+05,3.7596e+06,1
4.5653e+05,3.7556e+06,1
4.5664e+05,3.7593e+06,1
4.6983e+05,3.7493e+06,1
4.5586e+05,3.7591e+06,1
4.6781e+05,3.7545e+06,1
4.5503e+05,3.7592e+06,1
4.6796e+05,3.751e+06,1
4.7043e+05,3.7606e+06,1
4.6482e+05,3.7554e+06,1
4.7213e+05,3.7504e+06,1
4.572e+05,3.7525e+06,1
4.5498e+05,3.7536e+06,1
4.5809e+05,3.7537e+06,1
4.643e+05,3.7559e+06,1
4.6391e+05,3.7593e+06,1
4.6946e+05,3.7569e+06,1
4.6183e+05,3.7514e+06,1
4.6078e+05,3.7561e+06,1
4.6521e+05,3.7561e+06,1
4.6633e+05,3.7617e+06,1
4.6949e+05,3.7576e+06,1
4.6682e+05,3.7612e+06,1
4.6804e+05,3.7608e+06,1
4.7135e+05,3.7597e+06,1
4.5734e+05,3.7549e+06,1
4.606e+05,3.7571e+06,1
4.5912e+05,3.753e+06,1
4.5649e+05,3.7553e+06,1
4.649e+05,3.7588e+06,1
4.6585e+05,3.7599e+06,1
4.5877e+05,3.7578e+06,1
4.6004e+05,3.7578e+06,1
4.6389e+05,3.7601e+06,1
4.6555e+05,3.7612e+06,1
4.6801e+05,3.7615e+06,1
4.5581e+05,3.7589e+06,1
4.6855e+05,3.7544e+06,1
4.6551e+05,3.7564e+06,1
4.6663e+05,3.7602e+06,1
4.6672e+05,3.7598e+06,1
4.6552e+05,3.7561e+06,1
4.6273e+05,3.7562e+06,1
4.6809e+05,3.7563e+06,1
4.5366e+05,3.7497e+06,1
4.5351e+05,3.7518e+06,1
4.6506e+05,3.7566e+06,1
4.5271e+05,3.7491e+06,1
4.5689e+05,3.7524e+06,1
4.5137e+05,3.759e+06,1
4.6488e+05,3.7568e+06,1
4.5693e+05,3.7508e+06,1
4.6458e+05,3.7511e+06,1
4.6519e+05,3.75e+06,1
4.7267e+05,3.7503e+06,1
4.6283e+05,3.7563e+06,1
4.6076e+05,3.7531e+06,1
4.6751e+05,3.7586e+06,1
4.6526e+05,3.7598e+06,1
4.6761e+05,3.7541e+06,1
4.7116e+05,3.7589e+06,1
4.7208e+05,3.7504e+06,1
4.6689e+05,3.7592e+06,1
4.6836e+05,3.751e+06,1
4.7184e+05,3.7564e+06,1
4.6591e+05,3.7585e+06,1
4.7384e+05,3.7478e+06,1
4.6921e+05,3.7641e+06,1
4.5549e+05,3.7511e+06,1
4.6764e+05,3.7494e+06,1
4.512e+05,3.7493e+06,1
4.5403e+05,3.7542e+06,1
4.6716e+05,3.7491e+06,1
4.6478e+05,3.756e+06,1
4.6916e+05,3.7609e+06,1
4.5244e+05,3.755e+06,1
4.5217e+05,3.7571e+06,1
4.6586e+05,3.7611e+06,1
4.6973e+05,3.7568e+06,1
4.5749e+05,3.7552e+06,1
4.6836e+05,3.7555e+06,1
4.7336e+05,3.7546e+06,1
4.676e+05,3.7568e+06,1
4.634e+05,3.7585e+06,1
4.557e+05,3.7498e+06,1
4.5155e+05,3.7497e+06,1
4.7038e+05,3.7525e+06,1
4.526e+05,3.7501e+06,1
4.601e+05,3.7546e+06,1
4.547e+05,3.7529e+06,1
4.521e+05,3.7485e+06,1
4.7061e+05,3.7493e+06,1
4.6672e+05,3.76e+06,1
4.6595e+05,3.759e+06,1
4.5791e+05,3.7524e+06,1
4.5862e+05,3.7534e+06,1
4.6114e+05,3.7566e+06,1
4.6669e+05,3.7593e+06,1
4.651e+05,3.755e+06,1
4.6222e+05,3.7551e+06,1
4.6445e+05,3.7559e+06,1
4.6997e+05,3.7515e+06,1
4.5337e+05,3.7484e+06,1
4.6788e+05,3.7608e+06,1
4.6444e+05,3.7608e+06,1
4.7179e+05,3.7564e+06,1
4.7378e+05,3.764e+06,1
4.6111e+05,3.7553e+06,1
4.6421e+05,3.7559e+06,1
4.6853e+05,3.7572e+06,1
4.573e+05,3.7554e+06,1
4.7096e+05,3.7573e+06,1
4.6439e+05,3.7555e+06,1
4.7212e+05,3.7562e+06,1
4.6972e+05,3.7586e+06,1
4.6316e+05,3.7561e+06,1
4.6192e+05,3.7506e+06,1
4.5823e+05,3.7544e+06,1
4.6792e+05,3.7624e+06,1
4.5563e+05,3.7589e+06,1
4.7223e+05,3.7511e+06,1
4.5137e+05,3.7509e+06,1
4.595e+05,3.7551e+06,1
4.6493e+05,3.764e+06,1
4.6077e+05,3.7535e+06,1
4.5281e+05,3.7483e+06,1
4.6538e+05,3.7508e+06,1
4.647e+05,3.7587e+06,1
4.6012e+05,3.7555e+06,1
4.5951e+05,3.7541e+06,1
4.6502e+05,3.7607e+06,1
4.5208e+05,3.7543e+06,1
4.7004e+05,3.7486e+06,1
4.6345e+05,3.7568e+06,1
4.7133e+05,3.7578e+06,1
4.6128e+05,3.7574e+06,1
4.6497e+05,3.7608e+06,1
4.6277e+05,3.7558e+06,1
4.6729e+05,3.7593e+06,1
4.5341e+05,3.7498e+06,1
4.6508e+05,3.7537e+06,1
4.647e+05,3.7586e+06,1
4.6789e+05,3.7549e+06,1
4.656e+05,3.7613e+06,1
4.5883e+05,3.7553e+06,1
4.5619e+05,3.7499e+06,1
4.6689e+05,3.7593e+06,1
4.6916e+05,3.7559e+06,1
4.5425e+05,3.7527e+06,1
4.6303e+05,3.756e+06,1
4.6607e+05,3.7602e+06,1
4.5981e+05,3.7575e+06,1
4.6965e+05,3.7525e+06,1
4.6999e+05,3.7569e+06,1
4.6529e+05,3.7552e+06,1
4.6725e+05,3.7519e+06,1
4.6492e+05,3.76e+06,1
4.6462e+05,3.7493e+06,1
4.5372e+05,3.7503e+06,1
4.599e+05,3.7587e+06,1
4.5576e+05,3.757e+06,1
4.7122e+05,3.7578e+06,1
4.5339e+05,3.7502e+06,1
4.6781e+05,3.762e+06,1
4.6646e+05,3.7608e+06,1
4.6606e+05,3.7626e+06,1
4.5702e+05,3.7525e+06,1
4.5701e+05,3.7549e+06,1
4.6716e+05,3.7601e+06,1
4.5203e+05,3.7487e+06,1
4.6227e+05,3.7568e+06,1
4.703e+05,3.7497e+06,1
4.7444e+05,3.7632e+06,1
4.5225e+05,3.7511e+06,1
4.661e+05,3.7587e+06,1
4.686e+05,3.7534e+06,1
4.6682e+05,3.7588e+06,1
4.6526e+05,3.7552e+06,1
4.7292e+05,3.7559e+06,1
4.6262e+05,3.7546e+06,1
4.5946e+05,3.7557e+06,1
4.7343e+05,3.754e+06,1
4.6614e+05,3.7561e+06,1
4.6274e+05,3.7572e+06,1
4.63e+05,3.7565e+06,1
4.6965e+05,3.757e+06,1
4.7196e+05,3.7501e+06,1
4.5832e+05,3.7583e+06,1
4.6606e+05,3.7594e+06,1
4.5842e+05,3.7516e+06,1
4.6811e+05,3.7493e+06,1
4.5737e+05,3.7513e+06,1
4.6104e+05,3.7528e+06,1
4.6526e+05,3.7628e+06,1
4.6995e+05,3.7643e+06,1
4.6513e+05,3.7583e+06,1
4.6485e+05,3.7586e+06,1
4.5951e+05,3.753e+06,1
4.6065e+05,3.7544e+06,1
4.6897e+05,3.7512e+06,1
4.6491e+05,3.7597e+06,1
4.5601e+05,3.7527e+06,1
4.6424e+05,3.7529e+06,1
4.5341e+05,3.7561e+06,1
4.5244e+05,3.7486e+06,1
4.661e+05,3.7589e+06,1
4.7093e+05,3.7593e+06,1
4.6425e+05,3.7544e+06,1
4.5607e+05,3.756e+06,1
4.5361e+05,3.7481e+06,1
4.693e+05,3.7526e+06,1
4.652e+05,3.761e+06,1
4.7462e+05,3.756e+06,1
4.641e+05,3.7581e+06,1
4.572e+05,3.7552e+06,1
4.5663e+05,3.7556e+06,1
4.582e+05,3.7528e+06,1
4.5313e+05,3.751e+06,1
4.7272e+05,3.7556e+06,1
4.5796e+05,3.7561e+06,1
4.5207e+05,3.7504e+06,1
4.5509e+05,3.7535e+06,1
4.5682e+05,3.755e+06,1
4.6824e+05,3.7562e+06,1
4.6597e+05,3.7596e+06,1
4.6133e+05,3.7527e+06,1
4.585e+05,3.7497e+06,1
4.6833e+05,3.7638e+06,1
4.5234e+05,3.7486e+06,1
4.6441e+05,3.7585e+06,1
4.5323e+05,3.7541e+06,1
4.6707e+05,3.7495e+06,1
4.6383e+05,3.7559e+06,1
4.6271e+05,3.7546e+06,1
4.6445e+05,3.7555e+06,1
4.6747e+05,3.763e+06,1
4.7059e+05,3.7572e+06,1
4.5641e+05,3.7555e+06,1
4.6414e+05,3.7599e+06,1
4.6646e+05,3.7478e+06,1
4.6879e+05,3.7551e+06,1
4.5876e+05,3.7512e+06,1
4.5241e+05,3.7562e+06,1
4.651e+05,3.7522e+06,1
4.7005e+05,3.751e+06,1
4.5695e+05,3.751e+06,1
4.655e+05,3.7538e+06,1
4.5191e+05,3.7485e+06,1
4.6465e+05,3.76e+06,1
4.5702e+05,3.7505e+06,1
4.6387e+05,3.7584e+06,1
4.612e+05,3.7544e+06,1
4.5557e+05,3.7481e+06,1
4.6766e+05,3.7525e+06,1
4.6721e+05,3.7554e+06,1
4.7364e+05,3.7527e+06,1
4.7226e+05,3.7512e+06,1
4.5539e+05,3.7513e+06,1
4.6596e+05,3.7566e+06,1
4.6477e+05,3.7533e+06,1
4.6688e+05,3.761e+06,1
4.5651e+05,3.7589e+06,1
4.7338e+05,3.7542e+06,1
4.6532e+05,3.7592e+06,1
4.6588e+05,3.7585e+06,1
4.6272e+05,3.756e+06,1
4.6887e+05,3.7493e+06,1
4.6507e+05,3.7555e+06,1
4.7074e+05,3.7497e+06,1
4.6236e+05,3.7536e+06,1
4.6476e+05,3.7582e+06,1
4.6981e+05,3.7545e+06,1
4.6404e+05,3.7553e+06,1
4.6574e+05,3.7632e+06,1
4.5796e+05,3.7573e+06,1
4.5148e+05,3.758e+06,1
4.6992e+05,3.7547e+06,1
4.6342e+05,3.7483e+06,1
4.5612e+05,3.7561e+06,1
4.6021e+05,3.7526e+06,1
4.6592e+05,3.7636e+06,1
4.5643e+05,3.7522e+06,1
4.6242e+05,3.7531e+06,1
4.571e+05,3.7546e+06,1
4.7167e+05,3.7572e+06,1
4.7137e+05,3.7525e+06,1
4.581e+05,3.7522e+06,1
4.7217e+05,3.7525e+06,1
4.5922e+05,3.758e+06,1
4.6715e+05,3.7622e+06,1
4.5514e+05,3.7505e+06,1
4.646e+05,3.7534e+06,1
4.585e+05,3.7575e+06,1
4.6942e+05,3.7628e+06,1
4.6464e+05,3.7608e+06,1
4.6237e+05,3.7571e+06,1
4.5973e+05,3.7544e+06,1
4.5709e+05,3.7568e+06,1
4.5943e+05,3.7536e+06,1
4.709e+05,3.764e+06,1
4.6867e+05,3.7529e+06,1
4.5934e+05,3.7549e+06,1
4.6317e+05,3.7489e+06,1
4.6466e+05,3.75e+06,1
4.6402e+05,3.7583e+06,1
4.6545e+05,3.7557e+06,1
4.7018e+05,3.758e+06,1
4.6401e+05,3.7587e+06,1
4.5873e+05,3.7536e+06,1
4.6134e+05,3.7558e+06,1
4.5397e+05,3.755e+06,1
4.6432e+05,3.7493e+06,1
4.6741e+05,3.762e+06,1
4.6858e+05,3.7549e+06,1
4.6666e+05,3.7569e+06,1
4.5854e+05,3.7514e+06,1
4.5944e+05,3.7581e+06,1
4.6524e+05,3.7582e+06,1
4.6925e+05,3.7632e+06,1
4.6488e+05,3.7573e+06,1
4.5753e+05,3.7592e+06,1
4.7234e+05,3.7517e+06,1
4.6537e+05,3.749e+06,1
4.6942e+05,3.7538e+06,1
4.7421e+05,3.7521e+06,1
4.5924e+05,3.7558e+06,1
4.5255e+05,3.7486e+06,1
4.6197e+05,3.749e+06,1
4.6175e+05,3.749e+06,1
4.627e+05,3.7585e+06,1
4.6916e+05,3.7487e+06,1
4.7354e+05,3.7519e+06,1
4.6531e+05,3.7555e+06,1
4.7297e+05,3.7559e+06,1
4.6943e+05,3.7568e+06,1
4.5567e+05,3.7515e+06,1
4.5654e+05,3.7486e+06,1
4.6016e+05,3.7551e+06,1
4.6314e+05,3.7577e+06,1
4.5969e+05,3.7518e+06,1
4.7115e+05,3.7572e+06,1
4.6577e+05,3.7583e+06,1
4.7442e+05,3.7543e+06,1
4.7172e+05,3.748e+06,1
4.6532e+05,3.7612e+06,1
4.6328e+05,3.7566e+06,1
4.6517e+05,3.7563e+06,1
4.6101e+05,3.7567e+06,1
4.6867e+05,3.756e+06,1
4.6684e+05,3.7597e+06,1
4.6619e+05,3.7622e+06,1
4.6709e+05,3.7597e+06,1
4.7358e+05,3.7622e+06,1
4.6752e+05,3.7622e+06,1
4.6961e+05,3.7611e+06,1
4.6004e+05,3.7556e+06,1
4.7028e+05,3.754e+06,1
4.7374e+05,3.7551e+06,1
4.6628e+05,3.7588e+06,1
4.605e+05,3.7535e+06,1
4.6909e+05,3.764e+06,1
4.6302e+05,3.7583e+06,1
4.6432e+05,3.7602e+06,1
4.7005e+05,3.7621e+06,1
4.5377e+05,3.7499e+06,1
4.73e+05,3.7525e+06,1
4.5414e+05,3.7501e+06,1
4.6411e+05,3.7553e+06,1
4.5522e+05,3.7509e+06,1
4.6922e+05,3.7536e+06,1
4.5517e+05,3.7535e+06,1
4.626e+05,3.7513e+06,1
4.7415e+05,3.7501e+06,1
4.6644e+05,3.7601e+06,1
4.695e+05,3.7578e+06,1
4.7469e+05,3.7502e+06,1
4.6524e+05,3.755e+06,1
4.725e+05,3.7552e+06,1
4.6825e+05,3.7559e+06,1
4.5969e+05,3.7523e+06,1
4.7408e+05,3.7559e+06,1
4.7157e+05,3.7528e+06,1
4.6591e+05,3.7589e+06,1
4.7357e+05,3.7569e+06,1
4.5366e+05,3.7527e+06,1
4.6761e+05,3.759e+06,1
4.6654e+05,3.7598e+06,1
4.6445e+05,3.7539e+06,1
4.5217e+05,3.7572e+06,1
4.7405e+05,3.7549e+06,1
4.6099e+05,3.7535e+06,1
4.546e+05,3.7515e+06,1
4.5811e+05,3.7536e+06,1
4.7172e+05,3.7562e+06,1
4.5766e+05,3.7515e+06,1
4.7361e+05,3.7536e+06,1
4.7197e+05,3.7566e+06,1
4.6778e+05,3.7598e+06,1
4.6338e+05,3.7548e+06,1
4.6884e+05,3.7487e+06,1
4.6265e+05,3.7528e+06,1
4.5507e+05,3.7533e+06,1
4.5932e+05,3.7519e+06,1
4.6471e+05,3.7612e+06,1
4.5387e+05,3.7559e+06,1
4.5431e+05,3.7483e+06,1
4.6436e+05,3.7583e+06,1
4.6262e+05,3.7576e+06,1
4.6607e+05,3.7608e+06,1
4.6801e+05,3.7633e+06,1
4.5344e+05,3.7524e+06,1
4.5486e+05,3.7542e+06,1
4.6566e+05,3.7568e+06,1
4.7422e+05,3.7556e+06,1
4.6903e+05,3.7523e+06,1
4.6246e+05,3.7546e+06,1
4.5361e+05,3.7502e+06,1
4.6769e+05,3.7586e+06,1
4.6835e+05,3.7499e+06,1
4.5135e+05,3.7482e+06,1
4.5665e+05,3.7566e+06,1
4.6874e+05,3.7636e+06,1
4.5919e+05,3.7541e+06,1
4.6802e+05,3.7639e+06,1
4.6839e+05,3.7557e+06,1
4.6133e+05,3.7533e+06,1
4.659e+05,3.7479e+06,1
4.682e+05,3.763e+06,1
4.6588e+05,3.7597e+06,1
4.7143e+05,3.7604e+06,1
4.5482e+05,3.7534e+06,1
4.5352e+05,3.7514e+06,1
4.6905e+05,3.7574e+06,1
4.5949e+05,3.7594e+06,1
4.6761e+05,3.7532e+06,1
4.544e+05,3.7566e+06,1
4.6563e+05,3.7562e+06,1
4.5433e+05,3.7497e+06,1
4.7131e+05,3.7604e+06,1
4.6918e+05,3.7608e+06,1
4.5711e+05,3.7558e+06,1
4.7311e+05,3.7592e+06,1
4.6738e+05,3.7598e+06,1
4.5602e+05,3.7501e+06,1
4.6634e+05,3.7486e+06,1
4.6682e+05,3.757e+06,1
4.5151e+05,3.751e+06,1
4.7166e+05,3.7567e+06,1
4.6497e+05,3.7593e+06,1
4.6514e+05,3.7596e+06,1
4.7173e+05,3.7485e+06,1
4.5903e+05,3.7533e+06,1
4.5543e+05,3.7529e+06,1
4.5741e+05,3.7584e+06,1
4.7181e+05,3.7506e+06,1
4.6158e+05,3.7549e+06,1
4.5795e+05,3.7526e+06,1
4.695e+05,3.7522e+06,1
4.6615e+05,3.7589e+06,1
4.6551e+05,3.759e+06,1
4.5552e+05,3.7561e+06,1
4.7448e+05,3.7533e+06,1
4.5204e+05,3.7497e+06,1
4.7078e+05,3.7642e+06,1
4.5154e+05,3.7508e+06,1
4.6975e+05,3.7539e+06,1
4.6205e+05,3.7557e+06,1
4.6193e+05,3.7576e+06,1
4.6699e+05,3.7568e+06,1
4.6154e+05,3.7487e+06,1
4.691e+05,3.7614e+06,1
4.6951e+05,3.7588e+06,1
4.6425e+05,3.764e+06,1
4.5924e+05,3.7494e+06,1
4.7399e+05,3.7628e+06,1
4.6008e+05,3.7582e+06,1
4.6782e+05,3.7609e+06,1
4.6554e+05,3.7601e+06,1
4.7103e+05,3.7578e+06,1
4.7205e+05,3.7512e+06,1
4.5526e+05,3.7519e+06,1
4.6557e+05,3.749e+06,1
4.6804e+05,3.7636e+06,1
4.646e+05,3.7607e+06,1
4.5936e+05,3.7531e+06,1
4.6973e+05,3.7503e+06,1
4.625e+05,3.7581e+06,1
4.6773e+05,3.7608e+06,1
4.5977e+05,3.753e+06,1
4.709e+05,3.7602e+06,1
4.6225e+05,3.756e+06,1
4.738e+05,3.7633e+06,1
4.5829e+05,3.7529e+06,1
4.5465e+05,3.7508e+06,1
4.6158e+05,3.7544e+06,1
4.6036e+05,3.7577e+06,1
4.7042e+05,3.7608e+06,1
4.7387e+05,3.7624e+06,1
4.5885e+05,3.7538e+06,1
4.5518e+05,3.756e+06,1
4.6605e+05,3.7617e+06,1
4.6343e+05,3.7574e+06,1
4.6646e+05,3.7621e+06,1
4.6079e+05,3.7551e+06,1
4.669e+05,3.7589e+06,1
4.5825e+05,3.756e+06,1
4.7016e+05,3.762e+06,1
4.7351e+05,3.7529e+06,1
4.6193e+05,3.7592e+06,1
4.6738e+05,3.7597e+06,1
4.6612e+05,3.756e+06,1
4.645e+05,3.7577e+06,1
4.662e+05,3.761e+06,1
4.5653e+05,3.7558e+06,1
4.5966e+05,3.758e+06,1
4.649e+05,3.7479e+06,1
4.6526e+05,3.7611e+06,1
4.526e+05,3.7487e+06,1
4.5776e+05,3.7541e+06,1
4.6767e+05,3.7633e+06,1
4.5856e+05,3.7535e+06,1
4.5771e+05,3.756e+06,1
4.6254e+05,3.7545e+06,1
4.5537e+05,3.7589e+06,1
4.5598e+05,3.7571e+06,1
4.6583e+05,3.7621e+06,1
4.5198e+05,3.7504e+06,1
4.6399e+05,3.7548e+06,1
4.6593e+05,3.7595e+06,1
4.6353e+05,3.7572e+06,1
4.6442e+05,3.755e+06,1
4.6583e+05,3.7591e+06,1
4.5861e+05,3.7489e+06,1
4.6156e+05,3.7593e+06,1
4.6351e+05,3.7526e+06,1
4.5257e+05,3.7505e+06,1
4.7025e+05,3.7621e+06,1
4.6479e+05,3.7608e+06,1
4.7336e+05,3.7533e+06,1
4.6372e+05,3.7585e+06,1
4.6281e+05,3.7542e+06,1
4.7286e+05,3.7499e+06,1
4.6138e+05,3.755e+06,1
4.5287e+05,3.7505e+06,1
4.7386e+05,3.7547e+06,1
4.6193e+05,3.7575e+06,1
4.6665e+05,3.7568e+06,1
4.6639e+05,3.763e+06,1
4.6746e+05,3.7602e+06,1
4.5767e+05,3.7584e+06,1
4.6482e+05,3.7608e+06,1
4.5841e+05,3.7534e+06,1
4.6376e+05,3.7581e+06,1
4.5625e+05,3.755e+06,1
4.6601e+05,3.7607e+06,1
4.6875e+05,3.7479e+06,1
4.5538e+05,3.7505e+06,1
4.5142e+05,3.7546e+06,1
4.6502e+05,3.7496e+06,1
4.6418e+05,3.7585e+06,1
4.5319e+05,3.7511e+06,1
4.6473e+05,3.7604e+06,1
4.6413e+05,3.7585e+06,1
4.5633e+05,3.7594e+06,1
4.6688e+05,3.7633e+06,1
4.7028e+05,3.7601e+06,1
4.5351e+05,3.7506e+06,1
4.7012e+05,3.757e+06,1
4.7216e+05,3.7512e+06,1
4.5545e+05,3.7503e+06,1
4.5271e+05,3.7484e+06,1
4.682e+05,3.7591e+06,1
4.7297e+05,3.7561e+06,1
4.7173e+05,3.7481e+06,1
4.557e+05,3.756e+06,1
4.7157e+05,3.7569e+06,1
4.6396e+05,3.7581e+06,1
4.6033e+05,3.7547e+06,1
4.6525e+05,3.7485e+06,1
4.6255e+05,3.7562e+06,1
4.692e+05,3.7638e+06,1
4.5883e+05,3.7507e+06,1
4.7051e+05,3.7512e+06,1
4.6883e+05,3.7638e+06,1
4.6547e+05,3.761e+06,1
4.6477e+05,3.7487e+06,1
4.6632e+05,3.7578e+06,1
4.5509e+05,3.7547e+06,1
4.7193e+05,3.7499e+06,1
4.6029e+05,3.7542e+06,1
4.7109e+05,3.7601e+06,1
4.7064e+05,3.7633e+06,1
4.6956e+05,3.7602e+06,1
4.516e+05,3.7508e+06,1
4.7001e+05,3.7565e+06,1
4.6552e+05,3.7576e+06,1
4.5689e+05,3.7531e+06,1
4.6091e+05,3.75e+06,1
4.5167e+05,3.7574e+06,1
4.6882e+05,3.757e+06,1
4.7111e+05,3.7625e+06,1
4.5285e+05,3.749e+06,1
4.745e+05,3.7555e+06,1
4.7019e+05,3.7542e+06,1
4.5735e+05,3.7493e+06,1
4.5397e+05,3.7564e+06,1
4.5705e+05,3.7551e+06,1
4.6845e+05,3.7639e+06,1
4.6591e+05,3.7607e+06,1
4.6022e+05,3.7552e+06,1
4.5284e+05,3.7558e+06,1
4.7283e+05,3.7502e+06,1
4.6685e+05,3.7622e+06,1
4.6936e+05,3.7533e+06,1
4.6292e+05,3.759e+06,1
4.7282e+05,3.7479e+06,1
4.7144e+05,3.7512e+06,1
4.5175e+05,3.7506e+06,1
4.5647e+05,3.7551e+06,1
4.643e+05,3.7542e+06,1
4.5615e+05,3.7571e+06,1
4.5584e+05,3.7531e+06,1
4.5603e+05,3.7513e+06,1
4.7004e+05,3.7571e+06,1
4.6982e+05,3.76e+06,1
4.7324e+05,3.7545e+06,1
4.6471e+05,3.7601e+06,1
4.6557e+05,3.7522e+06,1
4.6846e+05,3.7553e+06,1
4.685e+05,3.7556e+06,1
4.6806e+05,3.7609e+06,1
4.6571e+05,3.7597e+06,1
4.5607e+05,3.7508e+06,1
4.6837e+05,3.7491e+06,1
4.5919e+05,3.7513e+06,1
4.6919e+05,3.7474e+06,1
4.5902e+05,3.7554e+06,1
4.5484e+05,3.7498e+06,1
4.6203e+05,3.7553e+06,1
4.6242e+05,3.7547e+06,1
4.6736e+05,3.7609e+06,1
4.5309e+05,3.7485e+06,1
4.7341e+05,3.7621e+06,1
4.6295e+05,3.7554e+06,1
4.7025e+05,3.7514e+06,1
4.7186e+05,3.7511e+06,1
4.667e+05,3.759e+06,1
4.6617e+05,3.7587e+06,1
4.6593e+05,3.7623e+06,1
4.6724e+05,3.7595e+06,1
4.6299e+05,3.7552e+06,1
4.6541e+05,3.753e+06,1
4.6175e+05,3.7569e+06,1
4.6258e+05,3.759e+06,1
4.6406e+05,3.7482e+06,1
4.7069e+05,3.7507e+06,1
4.6834e+05,3.7633e+06,1
4.5275e+05,3.7483e+06,1
4.593e+05,3.7535e+06,1
4.6542e+05,3.7611e+06,1
4.7435e+05,3.7508e+06,1
4.6699e+05,3.7532e+06,1
4.7122e+05,3.7564e+06,1
4.6716e+05,3.7484e+06,1
4.6388e+05,3.756e+06,1
4.668e+05,3.7618e+06,1
4.5316e+05,3.749e+06,1
4.7141e+05,3.7569e+06,1
4.6438e+05,3.7606e+06,1
4.6997e+05,3.7588e+06,1
4.6651e+05,3.7597e+06,1
4.7166e+05,3.7561e+06,1
4.661e+05,3.7577e+06,1
4.6245e+05,3.7542e+06,1
4.5622e+05,3.7552e+06,1
4.5718e+05,3.7553e+06,1
4.6457e+05,3.7495e+06,1
4.6987e+05,3.7589e+06,1
4.5821e+05,3.7537e+06,1
4.6103e+05,3.7577e+06,1
4.6006e+05,3.7528e+06,1
4.6097e+05,3.7536e+06,1
4.6051e+05,3.7565e+06,1
4.6741e+05,3.7627e+06,1
4.5189e+05,3.7504e+06,1
4.6924e+05,3.7617e+06,1
4.7029e+05,3.7576e+06,1
4.6458e+05,3.7595e+06,1
4.5592e+05,3.7551e+06,1
4.625e+05,3.7556e+06,1
4.7311e+05,3.7531e+06,1
4.645e+05,3.7602e+06,1
4.7019e+05,3.7528e+06,1
4.685e+05,3.7641e+06,1
4.5742e+05,3.7498e+06,1
4.6725e+05,3.7622e+06,1
4.5155e+05,3.751e+06,1
4.5665e+05,3.7499e+06,1
4.7151e+05,3.7576e+06,1
4.7137e+05,3.7605e+06,1
4.7401e+05,3.7554e+06,1
4.6849e+05,3.7642e+06,1
4.6355e+05,3.7544e+06,1
4.6574e+05,3.7588e+06,1
4.6788e+05,3.7626e+06,1
4.6514e+05,3.7601e+06,1
4.5407e+05,3.7517e+06,1
4.5518e+05,3.7563e+06,1
4.6088e+05,3.7539e+06,1
4.6997e+05,3.7633e+06,1
4.5831e+05,3.7544e+06,1
4.6801e+05,3.7575e+06,1
4.6242e+05,3.7582e+06,1
4.5926e+05,3.7583e+06,1
4.5597e+05,3.7512e+06,1
4.7055e+05,3.7503e+06,1
4.6688e+05,3.7582e+06,1
4.5436e+05,3.75e+06,1
4.6001e+05,3.7563e+06,1
4.5541e+05,3.7502e+06,1
4.7441e+05,3.7604e+06,1
4.6083e+05,3.7573e+06,1
4.5168e+05,3.7509e+06,1
4.6915e+05,3.7478e+06,1
4.724e+05,3.7561e+06,1
4.6777e+05,3.7546e+06,1
4.6404e+05,3.7566e+06,1
4.5215e+05,3.7487e+06,1
4.6353e+05,3.758e+06,1
4.6849e+05,3.7638e+06,1
4.7342e+05,3.7531e+06,1
4.7401e+05,3.7504e+06,1
4.7466e+05,3.7527e+06,1
4.7405e+05,3.7503e+06,1
4.6674e+05,3.7493e+06,1
4.7425e+05,3.7502e+06,1
4.5974e+05,3.7494e+06,1
4.5173e+05,3.7577e+06,1
4.6324e+05,3.7589e+06,1
4.5787e+05,3.7501e+06,1
4.659e+05,3.7619e+06,1
4.6123e+05,3.7554e+06,1
4.7426e+05,3.7501e+06,1
4.7008e+05,3.7539e+06,1
4.5663e+05,3.7508e+06,1
4.6915e+05,3.7604e+06,1
4.5485e+05,3.752e+06,1
4.656e+05,3.7602e+06,1
4.6609e+05,3.7591e+06,1
4.5813e+05,3.7542e+06,1
4.6168e+05,3.7575e+06,1
4.649e+05,3.7519e+06,1
4.6335e+05,3.7571e+06,1
4.5392e+05,3.7536e+06,1
4.6895e+05,3.7643e+06,1
4.5645e+05,3.7573e+06,1
4.6479e+05,3.7543e+06,1
4.7033e+05,3.7523e+06,1
4.6968e+05,3.7525e+06,1
4.5307e+05,3.7565e+06,1
4.5964e+05,3.7533e+06,1
4.7383e+05,3.7526e+06,1
4.6775e+05,3.7514e+06,1
4.6112e+05,3.7531e+06,1
4.5328e+05,3.7512e+06,1
4.739e+05,3.7522e+06,1
4.6957e+05,3.7575e+06,1
4.7008e+05,3.7634e+06,1
4.6586e+05,3.7609e+06,1
4.7335e+05,3.7542e+06,1
4.6957e+05,3.7632e+06,1
4.5968e+05,3.7588e+06,1
4.5421e+05,3.7516e+06,1
4.5362e+05,3.7495e+06,1
4.7329e+05,3.7547e+06,1
4.529e+05,3.7491e+06,1
4.5576e+05,3.7499e+06,1
4.6761e+05,3.7589e+06,1
4.6036e+05,3.7576e+06,1
4.7378e+05,3.7636e+06,1
4.5362e+05,3.752e+06,1
4.628e+05,3.7577e+06,1
4.5992e+05,3.7558e+06,1
4.5868e+05,3.7519e+06,1
4.6396e+05,3.7582e+06,1
4.6794e+05,3.7475e+06,1
4.6789e+05,3.7637e+06,1
4.5227e+05,3.7512e+06,1
4.6684e+05,3.7602e+06,1
4.5511e+05,3.7553e+06,1
4.5985e+05,3.7514e+06,1
4.6726e+05,3.7598e+06,1
4.7423e+05,3.7631e+06,1
4.5657e+05,3.7499e+06,1
4.6751e+05,3.7595e+06,1
4.7072e+05,3.7601e+06,1
4.5517e+05,3.7482e+06,1
4.656e+05,3.7623e+06,1
4.6311e+05,3.7488e+06,1
4.6509e+05,3.761e+06,1
4.7172e+05,3.7503e+06,1
4.6549e+05,3.7493e+06,1
4.5913e+05,3.7568e+06,1
4.5429e+05,3.754e+06,1
4.6795e+05,3.7561e+06,1
4.7131e+05,3.7569e+06,1
4.6617e+05,3.7539e+06,1
4.6441e+05,3.7589e+06,1
4.6871e+05,3.7474e+06,1
4.5395e+05,3.7568e+06,1
4.7241e+05,3.748e+06,1
4.5367e+05,3.7536e+06,1
4.6397e+05,3.7655e+06,1
4.5599e+05,3.7577e+06,1
4.669e+05,3.759e+06,1
4.6602e+05,3.7562e+06,1
4.6315e+05,3.7563e+06,1
4.6389e+05,3.758e+06,1
4.7116e+05,3.7508e+06,1
4.6685e+05,3.7583e+06,1
4.6733e+05,3.7573e+06,1
4.6821e+05,3.7545e+06,1
4.6079e+05,3.7552e+06,1
4.7234e+05,3.7548e+06,1
4.5885e+05,3.7559e+06,1
4.5933e+05,3.7556e+06,1
4.6539e+05,3.759e+06,1
4.6441e+05,3.7587e+06,1
4.5261e+05,3.7518e+06,1
4.6566e+05,3.759e+06,1
4.6948e+05,3.7564e+06,1
4.7433e+05,3.7503e+06,1
4.7419e+05,3.754e+06,1
4.654e+05,3.7505e+06,1
4.6409e+05,3.7548e+06,1
4.7422e+05,3.7554e+06,1
4.5559e+05,3.7559e+06,1
4.6634e+05,3.7609e+06,1
4.7386e+05,3.7597e+06,1
4.6255e+05,3.7575e+06,1
4.5429e+05,3.7496e+06,1
4.6642e+05,3.7592e+06,1
4.7085e+05,3.7525e+06,1
4.6905e+05,3.7546e+06,1
4.5834e+05,3.7577e+06,1
4.6964e+05,3.7608e+06,1
4.6835e+05,3.7475e+06,1
4.5629e+05,3.7497e+06,1
4.6114e+05,3.7571e+06,1
4.6917e+05,3.7496e+06,1
4.5497e+05,3.7501e+06,1
4.7162e+05,3.7528e+06,1
4.6395e+05,3.7549e+06,1
4.6601e+05,3.763e+06,1
4.7196e+05,3.7582e+06,1
4.6972e+05,3.7592e+06,1
4.6452e+05,3.7588e+06,1
4.6673e+05,3.7496e+06,1
4.5935e+05,3.7542e+06,1
4.6898e+05,3.7638e+06,1
4.6672e+05,3.76e+06,1
4.5759e+05,3.7517e+06,1
4.6398e+05,3.7536e+06,1
4.6577e+05,3.7602e+06,1
4.6047e+05,3.7554e+06,1
4.6408e+05,3.758e+06,1
4.6535e+05,3.7608e+06,1
4.6262e+05,3.7551e+06,1
4.6828e+05,3.7606e+06,1
4.7061e+05,3.7543e+06,1
4.595e+05,3.7547e+06,1
4.7172e+05,3.7478e+06,1
4.7309e+05,3.7479e+06,1
4.7513e+05,3.7577e+06,1
4.6284e+05,3.756e+06,1
4.553e+05,3.7521e+06,1
4.6503e+05,3.7599e+06,1
4.5407e+05,3.751e+06,1
4.6595e+05,3.7626e+06,1
4.6434e+05,3.7541e+06,1
4.6477e+05,3.7589e+06,1
4.6248e+05,3.755e+06,1
4.7393e+05,3.7629e+06,1
4.5402e+05,3.7497e+06,1
4.5321e+05,3.7539e+06,1
4.6624e+05,3.7638e+06,1
4.5332e+05,3.7539e+06,1
4.6351e+05,3.7603e+06,1
4.6017e+05,3.7535e+06,1
4.581e+05,3.7526e+06,1
4.6054e+05,3.7535e+06,1
4.6093e+05,3.7577e+06,1
4.6157e+05,3.7542e+06,1
4.5638e+05,3.7572e+06,1
4.668e+05,3.7566e+06,1
4.6732e+05,3.7598e+06,1
4.6521e+05,3.7513e+06,1
4.6793e+05,3.7521e+06,1
4.5682e+05,3.7577e+06,1
4.6827e+05,3.7594e+06,1
4.6871e+05,3.7545e+06,1
4.6136e+05,3.7562e+06,1
4.6836e+05,3.7547e+06,1
4.6575e+05,3.7609e+06,1
4.6709e+05,3.7599e+06,1
4.5506e+05,3.7516e+06,1
4.5907e+05,3.7496e+06,1
4.6598e+05,3.7547e+06,1
4.5417e+05,3.7559e+06,1
4.7385e+05,3.7635e+06,1
4.6677e+05,3.7611e+06,1
4.6989e+05,3.7632e+06,1
4.5775e+05,3.7514e+06,1
4.7373e+05,3.75e+06,1
4.549e+05,3.7532e+06,1
4.6387e+05,3.7645e+06,1
4.5964e+05,3.7588e+06,1
4.6437e+05,3.7562e+06,1
4.6919e+05,3.7579e+06,1
4.6314e+05,3.7573e+06,1
4.5832e+05,3.7524e+06,1
4.6499e+05,3.7611e+06,1
4.732e+05,3.7577e+06,1
4.7062e+05,3.749e+06,1
4.5166e+05,3.7506e+06,1
4.7341e+05,3.7529e+06,1
4.7004e+05,3.7542e+06,1
4.5371e+05,3.7491e+06,1
4.5891e+05,3.7538e+06,1
4.6018e+05,3.7569e+06,1
4.6551e+05,3.7578e+06,1
4.6797e+05,3.7565e+06,1
4.74e+05,3.7532e+06,1
4.588e+05,3.7537e+06,1
4.6155e+05,3.7577e+06,1
4.5869e+05,3.7491e+06,1
4.6794e+05,3.7532e+06,1
4.6956e+05,3.7474e+06,1
4.7422e+05,3.7551e+06,1
4.6935e+05,3.7639e+06,1
4.6737e+05,3.7642e+06,1
4.5695e+05,3.753e+06,1
4.6794e+05,3.748e+06,1
4.5445e+05,3.7544e+06,1
4.6648e+05,3.7609e+06,1
4.7029e+05,3.751e+06,1
4.638e+05,3.7569e+06,1
4.6747e+05,3.7616e+06,1
4.6892e+05,3.7638e+06,1
4.638e+05,3.7583e+06,1
4.527e+05,3.7481e+06,1
4.6266e+05,3.7566e+06,1
4.714e+05,3.7508e+06,1
4.6678e+05,3.7626e+06,1
4.6395e+05,3.7585e+06,1
4.7054e+05,3.7542e+06,1
4.6216e+05,3.755e+06,1
4.6672e+05,3.7597e+06,1
4.7369e+05,3.754e+06,1
4.7098e+05,3.7577e+06,1
4.5372e+05,3.7538e+06,1
4.5308e+05,3.7491e+06,1
4.6123e+05,3.7545e+06,1
4.5722e+05,3.7515e+06,1
4.5673e+05,3.7495e+06,1
4.6359e+05,3.7487e+06,1
4.6246e+05,3.7563e+06,1
4.6723e+05,3.7602e+06,1
4.655e+05,3.7612e+06,1
4.7017e+05,3.7581e+06,1
4.6701e+05,3.7615e+06,1
4.5896e+05,3.7543e+06,1
4.6138e+05,3.7541e+06,1
4.7104e+05,3.7579e+06,1
4.5591e+05,3.753e+06,1
4.6281e+05,3.7594e+06,1
4.5402e+05,3.7511e+06,1
4.6154e+05,3.7486e+06,1
4.5232e+05,3.749e+06,1
4.601e+05,3.7565e+06,1
4.6858e+05,3.7577e+06,1
4.5606e+05,3.7556e+06,1
4.6429e+05,3.7592e+06,1
4.6596e+05,3.7599e+06,1
4.6391e+05,3.7599e+06,1
4.6364e+05,3.7487e+06,1
4.629e+05,3.7514e+06,1
4.6616e+05,3.7632e+06,1
4.743e+05,3.7509e+06,1
4.5313e+05,3.7507e+06,1
4.6669e+05,3.7592e+06,1
4.6006e+05,3.758e+06,1
4.6302e+05,3.7566e+06,1
4.7467e+05,3.764e+06,1
4.6234e+05,3.7573e+06,1
4.655e+05,3.7587e+06,1
4.7135e+05,3.7571e+06,1
4.5729e+05,3.7552e+06,1
4.5921e+05,3.7539e+06,1
4.6652e+05,3.7623e+06,1
4.7287e+05,3.7511e+06,1
4.6531e+05,3.7602e+06,1
4.6005e+05,3.7526e+06,1
4.6889e+05,3.7607e+06,1
4.5675e+05,3.7524e+06,1
4.5561e+05,3.7505e+06,1
4.7107e+05,3.7494e+06,1
4.6314e+05,3.7571e+06,1
4.6416e+05,3.7566e+06,1
4.5997e+05,3.7551e+06,1
4.6761e+05,3.7588e+06,1
4.6443e+05,3.7579e+06,1
4.7016e+05,3.7591e+06,1
4.6677e+05,3.7533e+06,1
4.7175e+05,3.7497e+06,1
4.6059e+05,3.7568e+06,1
4.7074e+05,3.7638e+06,1
4.6591e+05,3.7591e+06,1
4.6775e+05,3.7628e+06,1
4.6013e+05,3.754e+06,1
4.6409e+05,3.7589e+06,1
4.731e+05,3.7549e+06,1
4.7116e+05,3.7584e+06,1
4.6922e+05,3.7504e+06,1
4.6628e+05,3.759e+06,1
4.7328e+05,3.754e+06,1
4.7424e+05,3.7506e+06,1
4.5868e+05,3.7533e+06,1
4.7077e+05,3.7491e+06,1
4.718e+05,3.757e+06,1
4.5818e+05,3.7481e+06,1
4.5707e+05,3.7591e+06,1
4.7011e+05,3.764e+06,1
4.6638e+05,3.7618e+06,1
4.551e+05,3.7522e+06,1
4.6509e+05,3.76e+06,1
4.6515e+05,3.7531e+06,1
4.6925e+05,3.7637e+06,1
4.702e+05,3.7507e+06,1
4.6723e+05,3.7597e+06,1
4.5364e+05,3.75e+06,1
4.5661e+05,3.7488e+06,1
4.6005e+05,3.7564e+06,1
4.7078e+05,3.754e+06,1
4.693e+05,3.7636e+06,1
4.6617e+05,3.7614e+06,1
4.6606e+05,3.7605e+06,1
4.6366e+05,3.7584e+06,1
4.6312e+05,3.7549e+06,1
4.6106e+05,3.7574e+06,1
4.7001e+05,3.7577e+06,1
4.6716e+05,3.7629e+06,1
4.5399e+05,3.7512e+06,1
4.6069e+05,3.7552e+06,1
4.7013e+05,3.7545e+06,1
4.6577e+05,3.7552e+06,1
4.5266e+05,3.7513e+06,1
4.6981e+05,3.7519e+06,1
4.6978e+05,3.7579e+06,1
4.5714e+05,3.7551e+06,1
4.6733e+05,3.7561e+06,1
4.5858e+05,3.7546e+06,1
4.6111e+05,3.7476e+06,1
4.754e+05,3.7619e+06,1
4.6526e+05,3.7534e+06,1
4.5686e+05,3.7524e+06,1
4.5191e+05,3.7558e+06,1
4.6438e+05,3.752e+06,1
4.5612e+05,3.7518e+06,1
4.6871e+05,3.7501e+06,1
4.6215e+05,3.7524e+06,1
4.5393e+05,3.7505e+06,1
4.6838e+05,3.7551e+06,1
4.6728e+05,3.7618e+06,1
4.7279e+05,3.7513e+06,1
4.6786e+05,3.7514e+06,1
4.5775e+05,3.759e+06,1
4.6349e+05,3.7545e+06,1
4.6956e+05,3.7585e+06,1
4.6969e+05,3.7493e+06,1
4.6437e+05,3.7578e+06,1
4.7331e+05,3.7526e+06,1
4.5504e+05,3.7492e+06,1
4.6466e+05,3.754e+06,1
4.6068e+05,3.7524e+06,1
4.6981e+05,3.7512e+06,1
4.682e+05,3.7537e+06,1
4.6625e+05,3.7558e+06,1
4.6985e+05,3.7523e+06,1
4.5637e+05,3.7567e+06,1
4.6961e+05,3.7602e+06,1
4.7319e+05,3.7549e+06,1
4.5341e+05,3.7536e+06,1
4.7229e+05,3.7513e+06,1
4.6884e+05,3.7637e+06,1
4.6366e+05,3.7565e+06,1
4.5849e+05,3.754e+06,1
4.632e+05,3.7515e+06,1
4.5625e+05,3.7545e+06,1
4.6845e+05,3.7611e+06,1
4.6927e+05,3.7628e+06,1
4.6487e+05,3.7609e+06,1
4.6875e+05,3.7478e+06,1
4.7364e+05,3.7566e+06,1
4.6055e+05,3.7576e+06,1
4.6574e+05,3.7568e+06,1
4.5811e+05,3.7538e+06,1
4.6056e+05,3.7533e+06,1
4.6622e+05,3.7623e+06,1
4.6304e+05,3.7489e+06,1
4.6224e+05,3.7497e+06,1
4.5256e+05,3.751e+06,1
4.539e+05,3.7533e+06,1
4.6224e+05,3.7548e+06,1
4.6374e+05,3.758e+06,1
4.6884e+05,3.7498e+06,1
4.5387e+05,3.7496e+06,1
4.5755e+05,3.7587e+06,1
4.5884e+05,3.7595e+06,1
4.6009e+05,3.7533e+06,1
4.7111e+05,3.7501e+06,1
4.6672e+05,3.7595e+06,1
4.6051e+05,3.7541e+06,1
4.5614e+05,3.7524e+06,1
4.5197e+05,3.7594e+06,1
4.7138e+05,3.7575e+06,1
4.5563e+05,3.7591e+06,1
4.6712e+05,3.7584e+06,1
4.5385e+05,3.7514e+06,1
4.5743e+05,3.7533e+06,1
4.6525e+05,3.7554e+06,1
4.6111e+05,3.7532e+06,1
4.6167e+05,3.7483e+06,1
4.5503e+05,3.7508e+06,1
4.7408e+05,3.7551e+06,1
4.7131e+05,3.7528e+06,1
4.6657e+05,3.7599e+06,1
4.6756e+05,3.751e+06,1
4.5762e+05,3.7517e+06,1
4.517e+05,3.7489e+06,1
4.731e+05,3.7479e+06,1
4.5203e+05,3.749e+06,1
4.6946e+05,3.7534e+06,1
4.7458e+05,3.7538e+06,1
4.5797e+05,3.7495e+06,1
4.7023e+05,3.7603e+06,1
4.6087e+05,3.753e+06,1
4.7432e+05,3.7545e+06,1
4.6371e+05,3.7524e+06,1
4.7203e+05,3.7528e+06,1
4.5776e+05,3.7505e+06,1
4.6695e+05,3.76e+06,1
4.6947e+05,3.7507e+06,1
4.6888e+05,3.7518e+06,1
4.66e+05,3.76e+06,1
4.7074e+05,3.7572e+06,1
4.6704e+05,3.7622e+06,1
4.5849e+05,3.7548e+06,1
4.5768e+05,3.7592e+06,1
4.5944e+05,3.7517e+06,1
4.5156e+05,3.759e+06,1
4.5659e+05,3.7578e+06,1
4.6537e+05,3.7633e+06,1
4.6571e+05,3.7582e+06,1
4.7332e+05,3.7544e+06,1
4.5439e+05,3.7536e+06,1
4.5994e+05,3.7521e+06,1
4.5224e+05,3.7485e+06,1
4.5785e+05,3.7595e+06,1
4.6519e+05,3.7519e+06,1
4.6142e+05,3.7571e+06,1
4.5932e+05,3.7516e+06,1
4.5301e+05,3.7526e+06,1
4.5998e+05,3.7561e+06,1
4.6776e+05,3.7549e+06,1
4.6974e+05,3.7633e+06,1
4.6909e+05,3.7642e+06,1
4.5367e+05,3.7535e+06,1
4.6296e+05,3.751e+06,1
4.6473e+05,3.7484e+06,1
4.6518e+05,3.7593e+06,1
4.6724e+05,3.7593e+06,1
4.6952e+05,3.7625e+06,1
4.5678e+05,3.7513e+06,1
4.5353e+05,3.75e+06,1
4.6176e+05,3.757e+06,1
4.5922e+05,3.7529e+06,1
4.515e+05,3.7507e+06,1
4.6329e+05,3.7551e+06,1
4.6013e+05,3.7531e+06,1
4.672e+05,3.7561e+06,1
4.6408e+05,3.755e+06,1
4.7436e+05,3.754e+06,1
4.6817e+05,3.7601e+06,1
4.7277e+05,3.7483e+06,1
4.5276e+05,3.7538e+06,1
4.5712e+05,3.7521e+06,1
4.5288e+05,3.751e+06,1
4.6598e+05,3.7629e+06,1
4.5638e+05,3.7549e+06,1
4.7086e+05,3.7578e+06,1
4.5736e+05,3.7514e+06,1
4.6274e+05,3.7545e+06,1
4.7419e+05,3.7503e+06,1
4.6314e+05,3.7575e+06,1
4.6626e+05,3.7594e+06,1
4.599e+05,3.7572e+06,1
4.6884e+05,3.7516e+06,1
4.6749e+05,3.7612e+06,1
4.5226e+05,3.757e+06,1
4.6985e+05,3.7541e+06,1
4.6146e+05,3.7535e+06,1
4.559e+05,3.7536e+06,1
4.6328e+05,3.7568e+06,1
4.6714e+05,3.7576e+06,1
4.5934e+05,3.7496e+06,1
4.709e+05,3.7507e+06,1
4.5156e+05,3.7594e+06,1
4.6348e+05,3.7487e+06,1
4.6057e+05,3.7535e+06,1
4.6893e+05,3.7498e+06,1
4.7352e+05,3.7555e+06,1
4.7107e+05,3.7572e+06,1
4.6957e+05,3.7568e+06,1
4.6915e+05,3.7486e+06,1
4.6512e+05,3.7565e+06,1
4.7159e+05,3.7571e+06,1
4.5329e+05,3.749e+06,1
4.6637e+05,3.7585e+06,1
4.6515e+05,3.7611e+06,1
4.5584e+05,3.7511e+06,1
4.6951e+05,3.7487e+06,1
4.6162e+05,3.749e+06,1
4.6954e+05,3.76e+06,1
4.6896e+05,3.7564e+06,1
4.6541e+05,3.7609e+06,1
4.6177e+05,3.7544e+06,1
4.7148e+05,3.7561e+06,1
4.565e+05,3.7502e+06,1
4.5899e+05,3.752e+06,1
4.6853e+05,3.7629e+06,1
4.6519e+05,3.7584e+06,1
4.6085e+05,3.7556e+06,1
4.6419e+05,3.7586e+06,1
4.6487e+05,3.7508e+06,1
4.6421e+05,3.7577e+06,1
4.5565e+05,3.751e+06,1
4.6625e+05,3.7519e+06,1
4.5693e+05,3.7541e+06,1
4.5165e+05,3.7507e+06,1
4.6426e+05,3.7569e+06,1
4.665e+05,3.7594e+06,1
4.6425e+05,3.7606e+06,1
4.5597e+05,3.75e+06,1
4.6835e+05,3.7478e+06,1
4.6419e+05,3.759e+06,1
4.6935e+05,3.762e+06,1
4.6729e+05,3.7478e+06,1
4.6768e+05,3.7622e+06,1
4.6449e+05,3.7541e+06,1
4.7155e+05,3.7503e+06,1
4.5487e+05,3.7503e+06,1
4.5264e+05,3.7494e+06,1
4.7228e+05,3.7507e+06,1
4.6327e+05,3.7583e+06,1
4.5479e+05,3.7518e+06,1
4.6616e+05,3.7592e+06,1
4.6123e+05,3.7594e+06,1
4.5574e+05,3.7568e+06,1
4.7155e+05,3.7508e+06,1
4.5491e+05,3.7512e+06,1
4.742e+05,3.7637e+06,1
4.7071e+05,3.7505e+06,1
4.5698e+05,3.7572e+06,1
4.6156e+05,3.7526e+06,1
4.5992e+05,3.7528e+06,1
4.6824e+05,3.7557e+06,1
4.6695e+05,3.7601e+06,1
4.6929e+05,3.7593e+06,1
4.6967e+05,3.7531e+06,1
4.6964e+05,3.7496e+06,1
4.6562e+05,3.75e+06,1
4.618e+05,3.7578e+06,1
4.57e+05,3.7581e+06,1
4.5646e+05,3.7567e+06,1
4.5844e+05,3.7518e+06,1
4.6862e+05,3.7644e+06,1
4.5415e+05,3.7506e+06,1
4.6364e+05,3.7564e+06,1
4.643e+05,3.758e+06,1
4.6643e+05,3.7586e+06,1
4.6319e+05,3.7565e+06,1
4.5286e+05,3.7543e+06,1
4.658e+05,3.7587e+06,1
4.6276e+05,3.7581e+06,1
4.7008e+05,3.7625e+06,1
4.6085e+05,3.7555e+06,1
4.6752e+05,3.7496e+06,1
4.6552e+05,3.7595e+06,1
4.6947e+05,3.7511e+06,1
4.5948e+05,3.7486e+06,1
4.7236e+05,3.7502e+06,1
4.7094e+05,3.7502e+06,1
4.7335e+05,3.7615e+06,1
4.7091e+05,3.7488e+06,1
4.647e+05,3.7609e+06,1
4.6567e+05,3.7625e+06,1
4.5893e+05,3.7533e+06,1
4.5391e+05,3.7496e+06,1
4.5233e+05,3.7503e+06,1
4.5372e+05,3.7491e+06,1
4.5823e+05,3.7552e+06,1
4.602e+05,3.7535e+06,1
4.5726e+05,3.751e+06,1
4.5887e+05,3.748e+06,1
4.5827e+05,3.7547e+06,1
4.641e+05,3.7573e+06,1
4.6296e+05,3.7564e+06,1
4.6695e+05,3.7602e+06,1
4.6459e+05,3.7556e+06,1
4.5437e+05,3.7514e+06,1
4.7076e+05,3.7518e+06,1
4.6192e+05,3.7559e+06,1
4.5325e+05,3.7488e+06,1
4.6465e+05,3.7585e+06,1
4.7348e+05,3.7534e+06,1
4.6771e+05,3.7623e+06,1
4.5549e+05,3.7483e+06,1
4.6475e+05,3.7583e+06,1
4.7133e+05,3.7604e+06,1
4.7103e+05,3.7577e+06,1
4.7277e+05,3.7511e+06,1
4.578e+05,3.7527e+06,1
4.568e+05,3.7529e+06,1
4.6545e+05,3.7618e+06,1
4.5541e+05,3.751e+06,1
4.6185e+05,3.7576e+06,1
4.6536e+05,3.7598e+06,1
4.6632e+05,3.7595e+06,1
4.6978e+05,3.7524e+06,1
4.669e+05,3.7609e+06,1
4.7076e+05,3.7626e+06,1
4.7091e+05,3.7527e+06,1
4.5669e+05,3.7553e+06,1
4.7278e+05,3.7571e+06,1
4.6597e+05,3.7604e+06,1
4.716e+05,3.7564e+06,1
4.5425e+05,3.7508e+06,1
4.6416e+05,3.7547e+06,1
4.6303e+05,3.7556e+06,1
4.6995e+05,3.7534e+06,1
4.6274e+05,3.7574e+06,1
4.6361e+05,3.7577e+06,1
4.6556e+05,3.7604e+06,1
4.6158e+05,3.7573e+06,1
4.7019e+05,3.7522e+06,1
4.5908e+05,3.7539e+06,1
4.5954e+05,3.7517e+06,1
4.6826e+05,3.7609e+06,1
4.6967e+05,3.7504e+06,1
4.7143e+05,3.7637e+06,1
4.6922e+05,3.7498e+06,1
4.5643e+05,3.7558e+06,1
4.7297e+05,3.7549e+06,1
4.5851e+05,3.7558e+06,1
4.7284e+05,3.7564e+06,1
4.6605e+05,3.7598e+06,1
4.6968e+05,3.7586e+06,1
4.5168e+05,3.7505e+06,1
4.7198e+05,3.7508e+06,1
4.6948e+05,3.7577e+06,1
4.7436e+05,3.7557e+06,1
4.6236e+05,3.7506e+06,1
4.6772e+05,3.7532e+06,1
4.5765e+05,3.75e+06,1
4.6753e+05,3.76e+06,1
4.5569e+05,3.7577e+06,1
4.6497e+05,3.7598e+06,1
4.5451e+05,3.7514e+06,1
4.6083e+05,3.7571e+06,1
4.6601e+05,3.7587e+06,1
4.7242e+05,3.75e+06,1
4.5171e+05,3.7504e+06,1
4.6881e+05,3.7593e+06,1
4.6875e+05,3.7504e+06,1
4.6184e+05,3.7585e+06,1
4.5551e+05,3.7504e+06,1
4.5571e+05,3.7541e+06,1
4.6978e+05,3.7625e+06,1
4.6552e+05,3.7608e+06,1
4.7332e+05,3.7569e+06,1
4.5183e+05,3.7493e+06,1
4.6582e+05,3.7605e+06,1
4.6858e+05,3.7498e+06,1
4.6743e+05,3.756e+06,1
4.6333e+05,3.7489e+06,1
4.6941e+05,3.7574e+06,1
4.6389e+05,3.7522e+06,1
4.6427e+05,3.7485e+06,1
4.7267e+05,3.7569e+06,1
4.7435e+05,3.7531e+06,1
4.6845e+05,3.7613e+06,1
4.6517e+05,3.7604e+06,1
4.6378e+05,3.7494e+06,1
4.5395e+05,3.7496e+06,1
4.7328e+05,3.7544e+06,1
4.5182e+05,3.7504e+06,1
4.5274e+05,3.7505e+06,1
4.6645e+05,3.7614e+06,1
4.6655e+05,3.7565e+06,1
4.5812e+05,3.7502e+06,1
4.6572e+05,3.7634e+06,1
4.5395e+05,3.7506e+06,1
4.6733e+05,3.7505e+06,1
4.5143e+05,3.749e+06,1
4.7398e+05,3.7503e+06,1
4.6615e+05,3.7586e+06,1
4.5232e+05,3.7515e+06,1
4.6322e+05,3.753e+06,1
4.523e+05,3.7484e+06,1
4.6527e+05,3.7567e+06,1
4.6407e+05,3.7583e+06,1
4.6565e+05,3.76e+06,1
4.7116e+05,3.7507e+06,1
4.553e+05,3.755e+06,1
4.7133e+05,3.757e+06,1
4.6342e+05,3.7577e+06,1
4.6291e+05,3.7575e+06,1
4.6211e+05,3.7548e+06,1
4.7259e+05,3.7485e+06,1
4.5994e+05,3.7578e+06,1
4.6284e+05,3.7582e+06,1
4.6147e+05,3.7512e+06,1
4.5863e+05,3.7557e+06,1
4.6015e+05,3.7596e+06,1
4.5682e+05,3.7565e+06,1
4.6197e+05,3.7566e+06,1
4.6558e+05,3.762e+06,1
4.6669e+05,3.7592e+06,1
4.6463e+05,3.761e+06,1
4.671e+05,3.7487e+06,1
4.6556e+05,3.7588e+06,1
4.648e+05,3.7626e+06,1
4.6542e+05,3.7578e+06,1
4.7116e+05,3.7579e+06,1
4.6977e+05,3.757e+06,1
4.7099e+05,3.7602e+06,1
4.6981e+05,3.7546e+06,1
4.6587e+05,3.7507e+06,1
4.6483e+05,3.7552e+06,1
4.6736e+05,3.7595e+06,1
4.5881e+05,3.7532e+06,1
4.6983e+05,3.7571e+06,1
4.6698e+05,3.7612e+06,1
4.5451e+05,3.7498e+06,1
4.7015e+05,3.7495e+06,1
4.6633e+05,3.7498e+06,1
4.7428e+05,3.7559e+06,1
4.5592e+05,3.751e+06,1
4.6492e+05,3.7515e+06,1
4.6856e+05,3.7565e+06,1
4.5491e+05,3.7509e+06,1
4.6765e+05,3.7614e+06,1
4.6824e+05,3.7636e+06,1
4.6417e+05,3.7544e+06,1
4.6518e+05,3.7607e+06,1
4.6573e+05,3.7595e+06,1
4.5755e+05,3.759e+06,1
4.6395e+05,3.7577e+06,1
4.697e+05,3.7641e+06,1
4.6146e+05,3.752e+06,1
4.6613e+05,3.7591e+06,1
4.7429e+05,3.7564e+06,1
4.5707e+05,3.7547e+06,1
4.742e+05,3.7522e+06,1
4.6035e+05,3.7557e+06,1
4.577e+05,3.7572e+06,1
4.7417e+05,3.7519e+06,1
4.6624e+05,3.763e+06,1
4.6844e+05,3.7546e+06,1
4.5937e+05,3.7519e+06,1
4.629e+05,3.7549e+06,1
4.6749e+05,3.7636e+06,1
4.5501e+05,3.7513e+06,1
4.5778e+05,3.7578e+06,1
4.7306e+05,3.7559e+06,1
4.5703e+05,3.7588e+06,1
4.5615e+05,3.7553e+06,1
4.6915e+05,3.7606e+06,1
4.7195e+05,3.757e+06,1
4.6689e+05,3.7595e+06,1
4.7158e+05,3.7559e+06,1
4.5122e+05,3.7595e+06,1
4.7327e+05,3.7484e+06,1
4.5405e+05,3.7524e+06,1
4.6558e+05,3.7609e+06,1
4.7212e+05,3.7526e+06,1
4.5362e+05,3.7529e+06,1
4.5136e+05,3.7593e+06,1
4.6404e+05,3.7534e+06,1
4.6016e+05,3.7594e+06,1
4.6934e+05,3.761e+06,1
4.6639e+05,3.7586e+06,1
4.6228e+05,3.7564e+06,1
4.6482e+05,3.7601e+06,1
4.5401e+05,3.7553e+06,1
4.6458e+05,3.7552e+06,1
4.7196e+05,3.7549e+06,1
4.6324e+05,3.7558e+06,1
4.7415e+05,3.7504e+06,1
4.6009e+05,3.7531e+06,1
4.5357e+05,3.7494e+06,1
4.6897e+05,3.751e+06,1
4.6722e+05,3.7572e+06,1
4.6404e+05,3.7577e+06,1
4.6499e+05,3.7614e+06,1
4.6473e+05,3.761e+06,1
4.738e+05,3.753e+06,1
4.6383e+05,3.7557e+06,1
4.6756e+05,3.7625e+06,1
4.6889e+05,3.7629e+06,1
4.7393e+05,3.754e+06,1
4.5719e+05,3.7548e+06,1
4.5533e+05,3.7591e+06,1
4.7074e+05,3.7502e+06,1
4.5356e+05,3.7531e+06,1
4.5445e+05,3.7493e+06,1
4.5466e+05,3.7534e+06,1
4.628e+05,3.7577e+06,1
4.7295e+05,3.7569e+06,1
4.6589e+05,3.7594e+06,1
4.719e+05,3.748e+06,1
4.6067e+05,3.7568e+06,1
4.5169e+05,3.7576e+06,1
4.5673e+05,3.755e+06,1
4.6389e+05,3.7556e+06,1
4.6548e+05,3.76e+06,1
4.5639e+05,3.7584e+06,1
4.6571e+05,3.7619e+06,1
4.5774e+05,3.7504e+06,1
4.5579e+05,3.7501e+06,1
4.5433e+05,3.7501e+06,1
4.655e+05,3.7602e+06,1
4.5572e+05,3.7535e+06,1
4.5553e+05,3.7529e+06,1
4.678e+05,3.7628e+06,1
4.5925e+05,3.755e+06,1
4.6568e+05,3.749e+06,1
4.6913e+05,3.7602e+06,1
4.5341e+05,3.7527e+06,1
4.5659e+05,3.7532e+06,1
4.5379e+05,3.754e+06,1
4.7037e+05,3.7557e+06,1
4.5769e+05,3.7548e+06,1
4.6483e+05,3.7606e+06,1
4.6229e+05,3.7584e+06,1
4.6594e+05,3.749e+06,1
4.6773e+05,3.7586e+06,1
4.5948e+05,3.7564e+06,1
4.6904e+05,3.764e+06,1
4.6573e+05,3.7591e+06,1
4.5548e+05,3.7534e+06,1
4.6877e+05,3.7635e+06,1
4.7138e+05,3.7573e+06,1
4.5501e+05,3.7503e+06,1
4.7119e+05,3.7571e+06,1
4.5831e+05,3.7545e+06,1
4.6898e+05,3.764e+06,1
4.6616e+05,3.7621e+06,1
4.6726e+05,3.7595e+06,1
4.5867e+05,3.7594e+06,1
4.696e+05,3.7597e+06,1
4.6491e+05,3.7593e+06,1
4.5646e+05,3.7526e+06,1
4.6453e+05,3.7599e+06,1
4.7187e+05,3.7491e+06,1
4.6295e+05,3.7548e+06,1
4.6229e+05,3.7565e+06,1
4.6687e+05,3.7574e+06,1
4.6373e+05,3.7639e+06,1
4.5621e+05,3.7495e+06,1
4.6822e+05,3.7525e+06,1
4.5674e+05,3.7489e+06,1
4.693e+05,3.7637e+06,1
4.6397e+05,3.7572e+06,1
4.6764e+05,3.7631e+06,1
4.6602e+05,3.7574e+06,1
4.6231e+05,3.7577e+06,1
4.6304e+05,3.7567e+06,1
4.6206e+05,3.7556e+06,1
4.6304e+05,3.7542e+06,1
4.6468e+05,3.7642e+06,1
4.6853e+05,3.7639e+06,1
4.6634e+05,3.749e+06,1
4.7156e+05,3.75e+06,1
4.5175e+05,3.7504e+06,1
4.6563e+05,3.7586e+06,1
4.568e+05,3.7525e+06,1
4.5382e+05,3.7519e+06,1
4.6289e+05,3.7559e+06,1
4.7314e+05,3.7534e+06,1
4.5187e+05,3.7505e+06,1
4.5192e+05,3.7569e+06,1
4.6203e+05,3.7557e+06,1
4.5238e+05,3.7543e+06,1
4.6378e+05,3.7586e+06,1
4.6747e+05,3.7571e+06,1
4.6252e+05,3.7574e+06,1
4.7168e+05,3.7569e+06,1
4.5205e+05,3.7508e+06,1
4.566e+05,3.7528e+06,1
4.6109e+05,3.7538e+06,1
4.68e+05,3.7609e+06,1
4.6757e+05,3.7548e+06,1
4.5254e+05,3.7548e+06,1
4.5415e+05,3.751e+06,1
4.6136e+05,3.7546e+06,1
4.6279e+05,3.7576e+06,1
4.648e+05,3.7532e+06,1
4.6191e+05,3.7497e+06,1
4.5744e+05,3.7516e+06,1
4.5578e+05,3.753e+06,1
4.6022e+05,3.7587e+06,1
4.6033e+05,3.7554e+06,1
4.6528e+05,3.7559e+06,1
4.5644e+05,3.7556e+06,1
4.6746e+05,3.7603e+06,1
4.542e+05,3.7496e+06,1
4.7021e+05,3.7597e+06,1
4.5419e+05,3.751e+06,1
4.6695e+05,3.7605e+06,1
4.5643e+05,3.7592e+06,1
4.7428e+05,3.7533e+06,1
4.6034e+05,3.7533e+06,1
4.6747e+05,3.7526e+06,1
4.6938e+05,3.7522e+06,1
4.6275e+05,3.7578e+06,1
4.6823e+05,3.7516e+06,1
4.5677e+05,3.7553e+06,1
4.5699e+05,3.7567e+06,1
4.6195e+05,3.7577e+06,1
4.607e+05,3.7536e+06,1
4.706e+05,3.751e+06,1
4.6162e+05,3.7546e+06,1
4.5689e+05,3.7571e+06,1
4.5723e+05,3.7528e+06,1
4.6562e+05,3.7572e+06,1
4.5512e+05,3.7503e+06,1
4.5451e+05,3.7522e+06,1
4.5553e+05,3.7516e+06,1
4.6507e+05,3.7582e+06,1
4.7173e+05,3.7509e+06,1
4.6716e+05,3.7558e+06,1
4.6356e+05,3.7569e+06,1
4.5819e+05,3.7546e+06,1
4.5558e+05,3.7553e+06,1
4.7103e+05,3.7575e+06,1
4.6107e+05,3.7562e+06,1
4.7251e+05,3.7563e+06,1
4.5266e+05,3.749e+06,1
4.6942e+05,3.7558e+06,1
4.6762e+05,3.7597e+06,1
4.5837e+05,3.7549e+06,1
4.6632e+05,3.7599e+06,1
4.5517e+05,3.7515e+06,1
4.5844e+05,3.753e+06,1
4.7047e+05,3.749e+06,1
4.5826e+05,3.752e+06,1
4.6504e+05,3.7553e+06,1
4.6433e+05,3.7581e+06,1
4.6968e+05,3.7511e+06,1
4.7234e+05,3.7563e+06,1
4.6658e+05,3.764e+06,1
4.7149e+05,3.7601e+06,1
4.6346e+05,3.7575e+06,1
4.6473e+05,3.7608e+06,1
4.5822e+05,3.7526e+06,1
4.6258e+05,3.7548e+06,1
4.5591e+05,3.7511e+06,1
4.6009e+05,3.751e+06,1
4.7438e+05,3.7507e+06,1
4.5947e+05,3.7531e+06,1
4.6396e+05,3.7555e+06,1
4.6504e+05,3.7586e+06,1
4.6307e+05,3.7581e+06,1
4.7035e+05,3.7598e+06,1
4.5123e+05,3.7505e+06,1
4.6036e+05,3.7528e+06,1
4.6599e+05,3.7593e+06,1
4.576e+05,3.7544e+06,1
4.6837e+05,3.749e+06,1
4.5544e+05,3.7541e+06,1
4.6684e+05,3.7531e+06,1
4.5695e+05,3.7544e+06,1
4.6581e+05,3.7611e+06,1
4.5405e+05,3.7494e+06,1
4.587e+05,3.7515e+06,1
4.6451e+05,3.7609e+06,1
4.628e+05,3.7578e+06,1
4.6862e+05,3.7599e+06,1
4.6866e+05,3.7636e+06,1
4.654e+05,3.7606e+06,1
4.6737e+05,3.7589e+06,1
4.5878e+05,3.7554e+06,1
4.569e+05,3.755e+06,1
4.6667e+05,3.7583e+06,1
4.5646e+05,3.75e+06,1
4.6254e+05,3.751e+06,1
4.7354e+05,3.7526e+06,1
4.7197e+05,3.7504e+06,1
4.6511e+05,3.7487e+06,1
4.7052e+05,3.7486e+06,1
4.5161e+05,3.7485e+06,1
4.7129e+05,3.7502e+06,1
4.6879e+05,3.7532e+06,1
4.6475e+05,3.7598e+06,1
4.7368e+05,3.7493e+06,1
4.6339e+05,3.7583e+06,1
4.6478e+05,3.761e+06,1
4.602e+05,3.7548e+06,1
4.5213e+05,3.757e+06,1
4.584e+05,3.7532e+06,1
4.5242e+05,3.7482e+06,1
4.7379e+05,3.753e+06,1
4.5957e+05,3.7582e+06,1
4.6732e+05,3.7633e+06,1
4.6192e+05,3.7543e+06,1
4.6033e+05,3.7571e+06,1
4.6925e+05,3.7622e+06,1
4.6388e+05,3.7539e+06,1
4.6265e+05,3.7562e+06,1
4.6745e+05,3.7621e+06,1
4.6396e+05,3.7562e+06,1
4.665e+05,3.7612e+06,1
4.6906e+05,3.7619e+06,1
4.5403e+05,3.7509e+06,1
4.6619e+05,3.7643e+06,1
4.6973e+05,3.7618e+06,1
4.5158e+05,3.7503e+06,1
4.5422e+05,3.7501e+06,1
4.6501e+05,3.7626e+06,1
4.6336e+05,3.7558e+06,1
4.5929e+05,3.7564e+06,1
4.6156e+05,3.7558e+06,1
4.6613e+05,3.7586e+06,1
4.6465e+05,3.7553e+06,1
4.5608e+05,3.7552e+06,1
4.6391e+05,3.7616e+06,1
4.5329e+05,3.7562e+06,1
4.6535e+05,3.7586e+06,1
4.518e+05,3.7517e+06,1
4.6562e+05,3.7605e+06,1
4.6752e+05,3.7544e+06,1
4.6788e+05,3.7526e+06,1
4.535e+05,3.7532e+06,1
4.5812e+05,3.7508e+06,1
4.525e+05,3.7484e+06,1
4.6348e+05,3.757e+06,1
4.6536e+05,3.761e+06,1
4.5968e+05,3.7526e+06,1
4.6791e+05,3.7622e+06,1
4.6915e+05,3.7483e+06,1
4.5425e+05,3.7539e+06,1
4.6729e+05,3.7612e+06,1
4.6996e+05,3.7475e+06,1
4.7314e+05,3.7562e+06,1
4.6477e+05,3.7602e+06,1
4.6651e+05,3.7603e+06,1
4.5087e+05,3.7505e+06,1
4.5853e+05,3.7526e+06,1
4.6354e+05,3.7572e+06,1
4.5796e+05,3.7591e+06,1
4.6779e+05,3.7632e+06,1
4.6917e+05,3.7508e+06,1
4.6359e+05,3.7573e+06,1
4.5688e+05,3.7507e+06,1
4.6473e+05,3.7606e+06,1
4.644e+05,3.7582e+06,1
4.7103e+05,3.7578e+06,1
4.545e+05,3.7547e+06,1
4.6855e+05,3.7641e+06,1
4.703e+05,3.7508e+06,1
4.6829e+05,3.7635e+06,1
4.6887e+05,3.7621e+06,1
4.5963e+05,3.7544e+06,1
4.6826e+05,3.7639e+06,1
4.6554e+05,3.7632e+06,1
4.5973e+05,3.7552e+06,1
4.6742e+05,3.7493e+06,1
4.7151e+05,3.7527e+06,1
4.7122e+05,3.7552e+06,1
4.663e+05,3.7515e+06,1
4.6487e+05,3.7591e+06,1
4.696e+05,3.7603e+06,1
4.592e+05,3.749e+06,1
4.601e+05,3.7531e+06,1
4.5699e+05,3.7538e+06,1
4.5376e+05,3.7498e+06,1
4.6723e+05,3.7596e+06,1
4.667e+05,3.7591e+06,1
4.6538e+05,3.763e+06,1
4.6527e+05,3.7604e+06,1
4.5442e+05,3.7522e+06,1
4.6416e+05,3.7603e+06,1
4.6198e+05,3.7564e+06,1
4.6019e+05,3.7516e+06,1
4.7021e+05,3.7502e+06,1
4.6385e+05,3.7573e+06,1
4.6504e+05,3.7612e+06,1
4.6957e+05,3.7526e+06,1
4.5787e+05,3.7496e+06,1
4.7139e+05,3.7561e+06,1
4.5341e+05,3.7505e+06,1
4.6027e+05,3.7558e+06,1
4.5117e+05,3.7478e+06,1
4.6841e+05,3.7606e+06,1
4.6922e+05,3.75e+06,1
4.6462e+05,3.7635e+06,1
4.6574e+05,3.7558e+06,1
4.5548e+05,3.7531e+06,1
4.6801e+05,3.7558e+06,1
4.6751e+05,3.7591e+06,1
4.5909e+05,3.7564e+06,1
4.6582e+05,3.7593e+06,1
4.6344e+05,3.7562e+06,1
4.6234e+05,3.7569e+06,1
4.668e+05,3.7586e+06,1
4.6704e+05,3.7584e+06,1
4.5185e+05,3.7516e+06,1
4.6509e+05,3.7483e+06,1
4.6012e+05,3.7545e+06,1
4.7204e+05,3.7565e+06,1
4.7047e+05,3.7493e+06,1
4.5453e+05,3.7533e+06,1
4.6935e+05,3.7541e+06,1
4.6863e+05,3.7493e+06,1
4.6077e+05,3.7578e+06,1
4.675e+05,3.7623e+06,1
4.6609e+05,3.7584e+06,1
4.5929e+05,3.7531e+06,1
4.5676e+05,3.7547e+06,1
4.5899e+05,3.7526e+06,1
4.5396e+05,3.7497e+06,1
4.6798e+05,3.7529e+06,1
4.6905e+05,3.7543e+06,1
4.6889e+05,3.7606e+06,1
4.5125e+05,3.7515e+06,1
4.7098e+05,3.7487e+06,1
4.5327e+05,3.75e+06,1
4.5409e+05,3.75e+06,1
4.7316e+05,3.7564e+06,1
4.7404e+05,3.7563e+06,1
4.6907e+05,3.7539e+06,1
4.7333e+05,3.7494e+06,1
4.6395e+05,3.7597e+06,1
4.5708e+05,3.7512e+06,1
4.6081e+05,3.7528e+06,1
4.6672e+05,3.7602e+06,1
4.6557e+05,3.7583e+06,1
4.5156e+05,3.7499e+06,1
4.6997e+05,3.7539e+06,1
4.573e+05,3.7557e+06,1
4.6088e+05,3.7521e+06,1
4.7043e+05,3.7637e+06,1
4.6249e+05,3.7569e+06,1
4.5811e+05,3.7517e+06,1
4.6806e+05,3.7505e+06,1
4.643e+05,3.7487e+06,1
4.5158e+05,3.7502e+06,1
4.679e+05,3.7611e+06,1
4.5168e+05,3.7575e+06,1
4.6177e+05,3.7551e+06,1
4.6711e+05,3.762e+06,1
4.5845e+05,3.7534e+06,1
4.6461e+05,3.7584e+06,1
4.721e+05,3.75e+06,1
4.6144e+05,3.7546e+06,1
4.6833e+05,3.7553e+06,1
4.5641e+05,3.7498e+06,1
4.7037e+05,3.7512e+06,1
4.6611e+05,3.7595e+06,1
4.5155e+05,3.7481e+06,1
4.7069e+05,3.7593e+06,1
4.7098e+05,3.7575e+06,1
4.7314e+05,3.7566e+06,1
4.5398e+05,3.7464e+06,1
4.6723e+05,3.7603e+06,1
4.5762e+05,3.7558e+06,1
4.636e+05,3.7583e+06,1
4.5139e+05,3.751e+06,1
4.6986e+05,3.7532e+06,1
4.5305e+05,3.7515e+06,1
4.6885e+05,3.7541e+06,1
4.6652e+05,3.7594e+06,1
4.6875e+05,3.748e+06,1
4.7422e+05,3.7511e+06,1
4.5295e+05,3.7507e+06,1
4.6988e+05,3.7487e+06,1
4.5382e+05,3.7497e+06,1
4.5386e+05,3.7511e+06,1
4.6962e+05,3.7567e+06,1
4.5266e+05,3.7489e+06,1
4.6735e+05,3.7624e+06,1
4.6252e+05,3.7549e+06,1
4.6493e+05,3.7583e+06,1
4.5873e+05,3.7559e+06,1
4.5924e+05,3.7553e+06,1
4.6418e+05,3.7536e+06,1
4.6654e+05,3.7606e+06,1
4.7412e+05,3.7524e+06,1
4.6383e+05,3.7551e+06,1
4.5479e+05,3.7554e+06,1
4.5999e+05,3.7581e+06,1
4.6276e+05,3.7494e+06,1
4.6426e+05,3.7601e+06,1
4.5858e+05,3.753e+06,1
4.5686e+05,3.7498e+06,1
4.591e+05,3.7581e+06,1
4.6436e+05,3.761e+06,1
4.6625e+05,3.7602e+06,1
4.6398e+05,3.7535e+06,1
4.6883e+05,3.7491e+06,1
4.6563e+05,3.761e+06,1
4.7361e+05,3.7537e+06,1
4.6506e+05,3.7605e+06,1
4.6928e+05,3.763e+06,1
4.5557e+05,3.7521e+06,1
4.6237e+05,3.7591e+06,1
4.6493e+05,3.7595e+06,1
4.7089e+05,3.7599e+06,1
4.5719e+05,3.75e+06,1
4.5387e+05,3.7484e+06,1
4.7026e+05,3.7606e+06,1
4.6746e+05,3.7564e+06,1
4.6284e+05,3.7484e+06,1
4.5272e+05,3.7493e+06,1
4.6983e+05,3.7534e+06,1
4.5452e+05,3.75e+06,1
4.5801e+05,3.7515e+06,1
4.6883e+05,3.7614e+06,1
4.6228e+05,3.7547e+06,1
4.589e+05,3.7557e+06,1
4.6369e+05,3.7589e+06,1
4.7405e+05,3.7529e+06,1
4.6695e+05,3.7596e+06,1
4.5788e+05,3.7592e+06,1
4.6219e+05,3.7566e+06,1
4.7362e+05,3.7534e+06,1
4.5446e+05,3.7498e+06,1
4.6778e+05,3.764e+06,1
4.5887e+05,3.7524e+06,1
4.7131e+05,3.7578e+06,1
4.5806e+05,3.7531e+06,1
4.6943e+05,3.7577e+06,1
4.6198e+05,3.7574e+06,1
4.6314e+05,3.7592e+06,1
4.6518e+05,3.749e+06,1
4.6807e+05,3.7634e+06,1
4.5791e+05,3.7547e+06,1
4.6971e+05,3.7535e+06,1
4.6806e+05,3.7503e+06,1
4.6489e+05,3.7548e+06,1
4.629e+05,3.7556e+06,1
4.5798e+05,3.7541e+06,1
4.5695e+05,3.7566e+06,1
4.568e+05,3.7512e+06,1
4.6841e+05,3.7625e+06,1
4.6998e+05,3.7545e+06,1
4.5503e+05,3.7527e+06,1
4.5947e+05,3.7515e+06,1
4.5924e+05,3.7576e+06,1
4.6627e+05,3.7601e+06,1
4.6369e+05,3.7576e+06,1
4.6126e+05,3.7532e+06,1
4.6546e+05,3.7479e+06,1
4.6692e+05,3.7584e+06,1
4.7422e+05,3.7548e+06,1
4.5701e+05,3.7554e+06,1
4.7234e+05,3.751e+06,1
4.6653e+05,3.757e+06,1
4.7219e+05,3.75e+06,1
4.6881e+05,3.7555e+06,1
4.6454e+05,3.7606e+06,1
4.6499e+05,3.7647e+06,1
4.5329e+05,3.7519e+06,1
4.5406e+05,3.7509e+06,1
4.5651e+05,3.7549e+06,1
4.5433e+05,3.7497e+06,1
4.5974e+05,3.7528e+06,1
4.6418e+05,3.7553e+06,1
4.6605e+05,3.7626e+06,1
4.5307e+05,3.7488e+06,1
4.5987e+05,3.7546e+06,1
4.5776e+05,3.7554e+06,1
4.5148e+05,3.7503e+06,1
4.7245e+05,3.7508e+06,1
4.6846e+05,3.7602e+06,1
4.7193e+05,3.7562e+06,1
4.6563e+05,3.7597e+06,1
4.6793e+05,3.7506e+06,1
4.6506e+05,3.7511e+06,1
4.6038e+05,3.7572e+06,1
4.635e+05,3.7493e+06,1
4.7087e+05,3.7524e+06,1
4.6775e+05,3.7571e+06,1
4.6309e+05,3.755e+06,1
4.5183e+05,3.7513e+06,1
4.7377e+05,3.7531e+06,1
4.5455e+05,3.7536e+06,1
4.5159e+05,3.7508e+06,1
4.5405e+05,3.7495e+06,1
4.6808e+05,3.7599e+06,1
4.6983e+05,3.753e+06,1
4.6988e+05,3.7547e+06,1
4.6538e+05,3.7566e+06,1
4.6536e+05,3.7628e+06,1
4.6335e+05,3.7592e+06,1
4.709e+05,3.7629e+06,1
4.6603e+05,3.7593e+06,1
4.6793e+05,3.7555e+06,1
4.6571e+05,3.757e+06,1
4.5294e+05,3.7487e+06,1
4.7404e+05,3.7537e+06,1
4.5202e+05,3.7519e+06,1
4.6275e+05,3.7543e+06,1
4.653e+05,3.7609e+06,1
4.7212e+05,3.7506e+06,1
4.6761e+05,3.7623e+06,1
4.7075e+05,3.7579e+06,1
4.609e+05,3.7585e+06,1
4.6546e+05,3.7607e+06,1
4.59e+05,3.7557e+06,1
4.5869e+05,3.7556e+06,1
4.5181e+05,3.7508e+06,1
4.6862e+05,3.7547e+06,1
4.5307e+05,3.7539e+06,1
4.6007e+05,3.755e+06,1
4.5467e+05,3.7559e+06,1
4.5394e+05,3.7512e+06,1
4.7333e+05,3.7628e+06,1
4.5936e+05,3.758e+06,1
4.5767e+05,3.7554e+06,1
4.583e+05,3.7592e+06,1
4.6961e+05,3.7564e+06,1
4.6876e+05,3.7597e+06,1
4.5839e+05,3.7595e+06,1
4.5835e+05,3.7586e+06,1
4.7001e+05,3.7601e+06,1
4.5933e+05,3.7583e+06,1
4.7057e+05,3.7483e+06,1
4.7138e+05,3.7569e+06,1
4.6704e+05,3.7625e+06,1
4.7345e+05,3.754e+06,1
4.6522e+05,3.7629e+06,1
4.5899e+05,3.7539e+06,1
4.5781e+05,3.7593e+06,1
4.527e+05,3.7495e+06,1
4.5853e+05,3.7593e+06,1
4.6734e+05,3.7614e+06,1
4.6468e+05,3.7647e+06,1
4.6938e+05,3.7517e+06,1
4.7272e+05,3.755e+06,1
4.6166e+05,3.7541e+06,1
4.6829e+05,3.7611e+06,1
4.645e+05,3.7588e+06,1
4.7341e+05,3.7607e+06,1
4.5389e+05,3.7506e+06,1
4.6574e+05,3.7487e+06,1
4.5664e+05,3.7568e+06,1
4.6114e+05,3.7569e+06,1
4.5305e+05,3.7541e+06,1
4.6623e+05,3.7619e+06,1
4.6689e+05,3.7591e+06,1
4.6047e+05,3.755e+06,1
4.6553e+05,3.7611e+06,1
4.5583e+05,3.7505e+06,1
4.6095e+05,3.7526e+06,1
4.5667e+05,3.7536e+06,1
4.6738e+05,3.7592e+06,1
4.6845e+05,3.7578e+06,1
4.65e+05,3.7616e+06,1
4.6748e+05,3.7474e+06,1
4.644e+05,3.758e+06,1
4.7053e+05,3.7604e+06,1
4.6279e+05,3.7575e+06,1
4.6754e+05,3.7618e+06,1
4.5391e+05,3.751e+06,1
4.715e+05,3.7566e+06,1
4.5365e+05,3.7517e+06,1
4.7322e+05,3.7478e+06,1
4.7103e+05,3.7504e+06,1
4.5958e+05,3.7583e+06,1
4.5633e+05,3.7543e+06,1
4.6404e+05,3.7597e+06,1
4.7252e+05,3.751e+06,1
4.6045e+05,3.7552e+06,1
4.7075e+05,3.7504e+06,1
4.6743e+05,3.7532e+06,1
4.5855e+05,3.7481e+06,1
4.5635e+05,3.756e+06,1
4.6054e+05,3.7554e+06,1
4.5427e+05,3.7501e+06,1
4.5412e+05,3.7498e+06,1
4.741e+05,3.7634e+06,1
4.7032e+05,3.7486e+06,1
4.6434e+05,3.7586e+06,1
4.7176e+05,3.7567e+06,1
4.5334e+05,3.7493e+06,1
4.7436e+05,3.7525e+06,1
4.6326e+05,3.7537e+06,1
4.7163e+05,3.7537e+06,1
4.5964e+05,3.7562e+06,1
4.6455e+05,3.7589e+06,1
4.591e+05,3.7548e+06,1
4.6001e+05,3.7546e+06,1
4.5623e+05,3.752e+06,1
4.5741e+05,3.7557e+06,1
4.5164e+05,3.7558e+06,1
4.6448e+05,3.7635e+06,1
4.6583e+05,3.7603e+06,1
4.531e+05,3.75e+06,1
4.6955e+05,3.7515e+06,1
4.5606e+05,3.7574e+06,1
4.7324e+05,3.7546e+06,1
4.7332e+05,3.7497e+06,1
4.6871e+05,3.7542e+06,1
4.5285e+05,3.748e+06,1
4.6828e+05,3.7593e+06,1
4.7127e+05,3.7601e+06,1
4.5865e+05,3.7524e+06,1
4.5223e+05,3.7517e+06,1
4.6672e+05,3.7572e+06,1
4.6387e+05,3.7575e+06,1
4.6551e+05,3.7614e+06,1
4.7271e+05,3.7561e+06,1
4.612e+05,3.7574e+06,1
4.574e+05,3.7565e+06,1
4.709e+05,3.7594e+06,1
4.5309e+05,3.7511e+06,1
4.7265e+05,3.7478e+06,1
4.6449e+05,3.7637e+06,1
4.6721e+05,3.7598e+06,1
4.5916e+05,3.7509e+06,1
4.694e+05,3.7618e+06,1
4.703e+05,3.7524e+06,1
4.524e+05,3.7505e+06,1
4.6695e+05,3.76e+06,1
4.6556e+05,3.7613e+06,1
4.6581e+05,3.763e+06,1
4.7446e+05,3.7551e+06,1
4.7031e+05,3.7488e+06,1
4.5254e+05,3.7491e+06,1
4.6936e+05,3.7577e+06,1
4.5663e+05,3.7558e+06,1
4.543e+05,3.7532e+06,1
4.6956e+05,3.7495e+06,1
4.6611e+05,3.7596e+06,1
4.558e+05,3.7524e+06,1
4.653e+05,3.7613e+06,1
4.6939e+05,3.7637e+06,1
4.6147e+05,3.7582e+06,1
4.7022e+05,3.758e+06,1
4.719e+05,3.7484e+06,1
4.7127e+05,3.7533e+06,1
4.6516e+05,3.7545e+06,1
4.6282e+05,3.757e+06,1
4.6484e+05,3.7611e+06,1
4.692e+05,3.7635e+06,1
4.7099e+05,3.7636e+06,1
4.6444e+05,3.7601e+06,1
4.656e+05,3.756e+06,1
4.7173e+05,3.7482e+06,1
4.6765e+05,3.7586e+06,1
4.6599e+05,3.7611e+06,1
4.5791e+05,3.7557e+06,1
4.6087e+05,3.7561e+06,1
4.694e+05,3.757e+06,1
4.6359e+05,3.7555e+06,1
4.7034e+05,3.7491e+06,1
4.5136e+05,3.7486e+06,1
4.6744e+05,3.7575e+06,1
4.5641e+05,3.7551e+06,1
4.5548e+05,3.7509e+06,1
4.594e+05,3.7506e+06,1
4.6986e+05,3.7587e+06,1
4.6319e+05,3.7569e+06,1
4.5879e+05,3.7546e+06,1
4.7323e+05,3.7481e+06,1
4.7289e+05,3.7513e+06,1
4.6263e+05,3.7577e+06,1
4.6041e+05,3.7532e+06,1
4.6503e+05,3.7595e+06,1
4.5881e+05,3.7534e+06,1
4.6581e+05,3.7562e+06,1
4.5441e+05,3.7532e+06,1
4.6587e+05,3.76e+06,1
4.5837e+05,3.7499e+06,1
4.6354e+05,3.7567e+06,1
4.5491e+05,3.7559e+06,1
4.7048e+05,3.7515e+06,1
4.5145e+05,3.7508e+06,1
4.5954e+05,3.7554e+06,1
4.594e+05,3.7584e+06,1
4.6549e+05,3.756e+06,1
4.6266e+05,3.757e+06,1
4.5577e+05,3.7557e+06,1
4.7125e+05,3.7508e+06,1
4.6263e+05,3.7553e+06,1
4.6669e+05,3.7594e+06,1
4.609e+05,3.7544e+06,1
4.6579e+05,3.7589e+06,1
4.7274e+05,3.7509e+06,1
4.7266e+05,3.7506e+06,1
4.6183e+05,3.7575e+06,1
4.6975e+05,3.749e+06,1
4.5981e+05,3.755e+06,1
4.59e+05,3.759e+06,1
4.5738e+05,3.7521e+06,1
4.6453e+05,3.7507e+06,1
4.7575e+05,3.7503e+06,1
4.5637e+05,3.7537e+06,1
4.7184e+05,3.7567e+06,1
4.6603e+05,3.7581e+06,1
4.7409e+05,3.7539e+06,1
4.598e+05,3.7595e+06,1
4.7438e+05,3.7559e+06,1
4.6416e+05,3.7582e+06,1
4.6907e+05,3.7538e+06,1
4.6438e+05,3.7566e+06,1
4.6776e+05,3.7621e+06,1
4.6526e+05,3.7577e+06,1
4.6023e+05,3.758e+06,1
4.5909e+05,3.7497e+06,1
4.658e+05,3.7577e+06,1
4.7098e+05,3.7578e+06,1
4.6438e+05,3.7603e+06,1
4.6714e+05,3.7571e+06,1
4.6541e+05,3.7533e+06,1
4.6945e+05,3.7642e+06,1
4.6984e+05,3.7509e+06,1
4.6569e+05,3.7608e+06,1
4.6548e+05,3.7548e+06,1
4.6669e+05,3.7593e+06,1
4.5507e+05,3.7568e+06,1
4.5867e+05,3.7531e+06,1
4.5363e+05,3.7524e+06,1
4.5161e+05,3.7505e+06,1
4.6565e+05,3.7483e+06,1
4.7019e+05,3.7605e+06,1
4.6192e+05,3.7578e+06,1
4.7117e+05,3.7504e+06,1
4.606e+05,3.7531e+06,1
4.6602e+05,3.75e+06,1
4.5815e+05,3.7555e+06,1
4.7142e+05,3.7503e+06,1
4.7417e+05,3.75e+06,1
4.5593e+05,3.7504e+06,1
4.6244e+05,3.7577e+06,1
4.5445e+05,3.7499e+06,1
4.5686e+05,3.7553e+06,1
4.6952e+05,3.7599e+06,1
4.5657e+05,3.7555e+06,1
4.6739e+05,3.7617e+06,1
4.6743e+05,3.7621e+06,1
4.6198e+05,3.7552e+06,1
4.6885e+05,3.7545e+06,1
4.725e+05,3.7505e+06,1
4.6263e+05,3.7577e+06,1
4.7021e+05,3.7604e+06,1
4.5153e+05,3.7488e+06,1
4.7273e+05,3.7637e+06,1
4.7114e+05,3.7509e+06,1
4.6367e+05,3.7551e+06,1
4.7114e+05,3.7499e+06,1
4.6972e+05,3.7601e+06,1
4.6628e+05,3.7507e+06,1
4.588e+05,3.7516e+06,1
4.6734e+05,3.7573e+06,1
4.5406e+05,3.7519e+06,1
4.6521e+05,3.7612e+06,1
4.5413e+05,3.7496e+06,1
4.5255e+05,3.7514e+06,1
4.5428e+05,3.7494e+06,1
4.5134e+05,3.7566e+06,1
4.54e+05,3.7495e+06,1
4.6593e+05,3.7582e+06,1
4.7015e+05,3.7581e+06,1
4.6496e+05,3.7605e+06,1
4.6634e+05,3.7625e+06,1
4.6512e+05,3.7559e+06,1
4.6337e+05,3.7586e+06,1
4.5437e+05,3.7534e+06,1
4.5697e+05,3.7551e+06,1
4.7267e+05,3.7512e+06,1
4.6778e+05,3.7557e+06,1
4.6862e+05,3.7497e+06,1
4.5977e+05,3.758e+06,1
4.7109e+05,3.7603e+06,1
4.6791e+05,3.7636e+06,1
4.5661e+05,3.7552e+06,1
4.6456e+05,3.76e+06,1
4.6364e+05,3.7533e+06,1
4.6735e+05,3.7595e+06,1
4.614e+05,3.7529e+06,1
4.6298e+05,3.7588e+06,1
4.6558e+05,3.7615e+06,1
4.6969e+05,3.751e+06,1
4.6104e+05,3.7533e+06,1
4.6534e+05,3.7551e+06,1
4.7332e+05,3.7539e+06,1
4.6928e+05,3.7625e+06,1
4.6372e+05,3.7633e+06,1
4.6063e+05,3.7529e+06,1
4.6077e+05,3.7576e+06,1
4.5666e+05,3.753e+06,1
4.5121e+05,3.7507e+06,1
4.6878e+05,3.7547e+06,1
4.5706e+05,3.7502e+06,1
4.6716e+05,3.7569e+06,1
4.6664e+05,3.7642e+06,1
4.5381e+05,3.7502e+06,1
4.5975e+05,3.7591e+06,1
4.645e+05,3.7612e+06,1
4.7037e+05,3.7572e+06,1
4.5674e+05,3.7528e+06,1
4.6543e+05,3.7569e+06,1
4.6581e+05,3.7518e+06,1
4.5154e+05,3.7504e+06,1
4.696e+05,3.7545e+06,1
4.671e+05,3.7562e+06,1
4.7186e+05,3.7527e+06,1
4.6105e+05,3.7537e+06,1
4.6654e+05,3.7564e+06,1
4.6833e+05,3.7505e+06,1
4.536e+05,3.7564e+06,1
4.6599e+05,3.7587e+06,1
4.5956e+05,3.7528e+06,1
4.7033e+05,3.7495e+06,1
4.6568e+05,3.7587e+06,1
4.6573e+05,3.7604e+06,1
4.6898e+05,3.7642e+06,1
4.5957e+05,3.7532e+06,1
4.6082e+05,3.7535e+06,1
4.6486e+05,3.7545e+06,1
4.7374e+05,3.7532e+06,1
4.622e+05,3.7516e+06,1
4.5574e+05,3.7548e+06,1
4.5626e+05,3.7531e+06,1
4.6551e+05,3.7605e+06,1
4.5618e+05,3.75e+06,1
4.574e+05,3.7564e+06,1
4.5828e+05,3.7534e+06,1
4.5339e+05,3.7499e+06,1
4.5199e+05,3.7492e+06,1
4.6488e+05,3.7612e+06,1
4.6947e+05,3.7514e+06,1
4.6056e+05,3.755e+06,1
4.6977e+05,3.7506e+06,1
4.5556e+05,3.7501e+06,1
4.6453e+05,3.7511e+06,1
4.6491e+05,3.7607e+06,1
4.5306e+05,3.7511e+06,1
4.6761e+05,3.7624e+06,1
4.679e+05,3.7578e+06,1
4.6897e+05,3.7506e+06,1
4.6177e+05,3.7564e+06,1
4.6298e+05,3.7543e+06,1
4.6191e+05,3.7528e+06,1
4.6672e+05,3.7612e+06,1
4.693e+05,3.7528e+06,1
4.6357e+05,3.7469e+06,1
4.6879e+05,3.7605e+06,1
4.6639e+05,3.7584e+06,1
4.5547e+05,3.7517e+06,1
4.5637e+05,3.7519e+06,1
4.6815e+05,3.7565e+06,1
4.6319e+05,3.7523e+06,1
4.6597e+05,3.7608e+06,1
4.6876e+05,3.7642e+06,1
4.7431e+05,3.7614e+06,1
4.6413e+05,3.7581e+06,1
4.6502e+05,3.7597e+06,1
4.6614e+05,3.7599e+06,1
4.6322e+05,3.7551e+06,1
4.673e+05,3.7571e+06,1
4.679e+05,3.7634e+06,1
4.713e+05,3.7508e+06,1
4.6761e+05,3.7587e+06,1
4.5198e+05,3.751e+06,1
4.643e+05,3.7584e+06,1
4.7022e+05,3.7631e+06,1
4.6804e+05,3.7562e+06,1
4.6732e+05,3.7597e+06,1
4.6559e+05,3.7599e+06,1
4.6616e+05,3.7628e+06,1
4.6069e+05,3.7555e+06,1
4.5613e+05,3.7504e+06,1
4.5525e+05,3.7514e+06,1
4.6635e+05,3.757e+06,1
4.5327e+05,3.7489e+06,1
4.662e+05,3.7593e+06,1
4.7301e+05,3.7499e+06,1
4.6669e+05,3.7594e+06,1
4.5768e+05,3.7556e+06,1
4.6427e+05,3.7513e+06,1
4.6994e+05,3.7622e+06,1
4.7057e+05,3.7476e+06,1
4.6988e+05,3.7572e+06,1
4.6915e+05,3.7476e+06,1
4.7402e+05,3.7535e+06,1
4.589e+05,3.7548e+06,1
4.6667e+05,3.7576e+06,1
4.6374e+05,3.7561e+06,1
4.6569e+05,3.7616e+06,1
4.7268e+05,3.7499e+06,1
4.5995e+05,3.7547e+06,1
4.6558e+05,3.7569e+06,1
4.591e+05,3.7492e+06,1
4.6944e+05,3.7525e+06,1
4.5587e+05,3.7546e+06,1
4.709e+05,3.7638e+06,1
4.7089e+05,3.759e+06,1
4.5566e+05,3.7528e+06,1
4.7364e+05,3.7516e+06,1
4.6488e+05,3.7602e+06,1
4.5416e+05,3.7546e+06,1
4.5929e+05,3.7552e+06,1
4.7086e+05,3.7605e+06,1
4.5998e+05,3.7554e+06,1
4.6917e+05,3.7616e+06,1
4.6165e+05,3.7552e+06,1
4.7085e+05,3.7513e+06,1
4.5369e+05,3.75e+06,1
4.563e+05,3.7586e+06,1
4.635e+05,3.7594e+06,1
4.6972e+05,3.7599e+06,1
4.6672e+05,3.7601e+06,1
4.5597e+05,3.7543e+06,1
4.6612e+05,3.7606e+06,1
4.6802e+05,3.7596e+06,1
4.5333e+05,3.7518e+06,1
4.6583e+05,3.7584e+06,1
4.7404e+05,3.7565e+06,1
4.7004e+05,3.7493e+06,1
4.6587e+05,3.7606e+06,1
4.676e+05,3.7586e+06,1
4.7308e+05,3.7484e+06,1
4.5813e+05,3.7567e+06,1
4.6684e+05,3.7601e+06,1
4.6539e+05,3.7603e+06,1
4.6234e+05,3.7546e+06,1
4.6462e+05,3.7604e+06,1
4.6456e+05,3.7589e+06,1
4.5343e+05,3.7527e+06,1
4.7126e+05,3.7526e+06,1
4.6196e+05,3.7581e+06,1
4.5678e+05,3.7595e+06,1
4.6377e+05,3.7574e+06,1
4.5973e+05,3.7554e+06,1
4.5385e+05,3.7504e+06,1
4.6997e+05,3.7569e+06,1
4.6937e+05,3.7594e+06,1
4.6767e+05,3.7514e+06,1
4.5777e+05,3.7579e+06,1
4.5868e+05,3.7585e+06,1
4.5807e+05,3.7498e+06,1
4.5404e+05,3.7544e+06,1
4.6894e+05,3.7553e+06,1
4.6863e+05,3.7504e+06,1
4.5709e+05,3.7548e+06,1
4.6284e+05,3.7588e+06,1
4.6416e+05,3.7589e+06,1
4.6523e+05,3.7605e+06,1
4.5903e+05,3.7556e+06,1
4.5553e+05,3.7511e+06,1
4.6535e+05,3.756e+06,1
4.5561e+05,3.7556e+06,1
4.5304e+05,3.7488e+06,1
4.6825e+05,3.7561e+06,1
4.6827e+05,3.7637e+06,1
4.6231e+05,3.7582e+06,1
4.5439e+05,3.759e+06,1
4.6029e+05,3.7554e+06,1
4.713e+05,3.7509e+06,1
4.713e+05,3.7499e+06,1
4.6657e+05,3.7609e+06,1
4.6113e+05,3.7581e+06,1
4.6455e+05,3.7601e+06,1
4.7019e+05,3.7505e+06,1
4.7405e+05,3.7523e+06,1
4.6903e+05,3.7635e+06,1
4.6669e+05,3.7591e+06,1
4.6167e+05,3.7564e+06,1
4.7342e+05,3.7495e+06,1
4.5581e+05,3.7579e+06,1
4.5592e+05,3.7576e+06,1
4.5721e+05,3.7564e+06,1
4.5374e+05,3.75e+06,1
4.6274e+05,3.758e+06,1
4.6726e+05,3.7616e+06,1
4.6571e+05,3.7601e+06,1
4.6452e+05,3.7581e+06,1
4.6647e+05,3.7588e+06,1
4.6558e+05,3.7631e+06,1
4.631e+05,3.7493e+06,1
4.6953e+05,3.7491e+06,1
4.6631e+05,3.7629e+06,1
4.6875e+05,3.7498e+06,1
4.6961e+05,3.7569e+06,1
4.6877e+05,3.7576e+06,1
4.5993e+05,3.7552e+06,1
4.6476e+05,3.7577e+06,1
4.6383e+05,3.7611e+06,1
4.5173e+05,3.7569e+06,1
4.6716e+05,3.7564e+06,1
4.7181e+05,3.7565e+06,1
4.5375e+05,3.7533e+06,1
4.7432e+05,3.7539e+06,1
4.6993e+05,3.7492e+06,1
4.6689e+05,3.7594e+06,1
4.5615e+05,3.7512e+06,1
4.6986e+05,3.7528e+06,1
4.6776e+05,3.7622e+06,1
4.7111e+05,3.7528e+06,1
4.6339e+05,3.7648e+06,1
4.6847e+05,3.7552e+06,1
4.7066e+05,3.7526e+06,1
4.7175e+05,3.7568e+06,1
4.5318e+05,3.7519e+06,1
4.5614e+05,3.7588e+06,1
4.5743e+05,3.7547e+06,1
4.6508e+05,3.7608e+06,1
4.5692e+05,3.7564e+06,1
4.5439e+05,3.7523e+06,1
4.6306e+05,3.757e+06,1
4.5835e+05,3.7509e+06,1
4.6674e+05,3.7551e+06,1
4.5304e+05,3.7489e+06,1
4.6996e+05,3.759e+06,1
4.5749e+05,3.7567e+06,1
4.5715e+05,3.7495e+06,1
4.6771e+05,3.7596e+06,1
4.6555e+05,3.7629e+06,1
4.5708e+05,3.7569e+06,1
4.7381e+05,3.7529e+06,1
4.5849e+05,3.7533e+06,1
4.6915e+05,3.7642e+06,1
4.5846e+05,3.7532e+06,1
4.625e+05,3.7551e+06,1
4.633e+05,3.7558e+06,1
4.62e+05,3.7578e+06,1
4.589e+05,3.7564e+06,1
4.6141e+05,3.758e+06,1
4.618e+05,3.7573e+06,1
4.6598e+05,3.7618e+06,1
4.705e+05,3.7601e+06,1
4.6626e+05,3.7598e+06,1
4.5905e+05,3.7528e+06,1
4.6709e+05,3.764e+06,1
4.5863e+05,3.7537e+06,1
4.6424e+05,3.7587e+06,1
4.5684e+05,3.7519e+06,1
4.7183e+05,3.7562e+06,1
4.6684e+05,3.76e+06,1
4.5403e+05,3.7506e+06,1
4.7328e+05,3.7547e+06,1
4.6415e+05,3.7621e+06,1
4.6351e+05,3.7556e+06,1
4.6354e+05,3.7511e+06,1
4.5177e+05,3.7594e+06,1
4.6576e+05,3.7605e+06,1
4.678e+05,3.762e+06,1
4.7131e+05,3.7526e+06,1
4.697e+05,3.763e+06,1
4.6087e+05,3.758e+06,1
4.7227e+05,3.7503e+06,1
4.6764e+05,3.7622e+06,1
4.5181e+05,3.7503e+06,1
4.7059e+05,3.7489e+06,1
4.6904e+05,3.7494e+06,1
4.7408e+05,3.7522e+06,1
4.7036e+05,3.7608e+06,1
4.6584e+05,3.7587e+06,1
4.7346e+05,3.754e+06,1
4.7147e+05,3.7597e+06,1
4.6219e+05,3.7554e+06,1
4.553e+05,3.7491e+06,1
4.55e+05,3.7532e+06,1
4.5847e+05,3.7504e+06,1
4.5569e+05,3.7518e+06,1
4.6861e+05,3.7643e+06,1
4.5323e+05,3.7505e+06,1
4.6589e+05,3.7495e+06,1
4.7057e+05,3.7523e+06,1
4.7177e+05,3.7606e+06,1
4.6569e+05,3.7585e+06,1
4.7225e+05,3.7572e+06,1
4.6266e+05,3.7568e+06,1
4.6967e+05,3.7634e+06,1
4.5486e+05,3.7498e+06,1
4.5934e+05,3.7514e+06,1
4.5631e+05,3.7501e+06,1
4.6618e+05,3.7607e+06,1
4.5421e+05,3.7535e+06,1
4.6295e+05,3.7558e+06,1
4.5237e+05,3.7592e+06,1
4.5864e+05,3.7517e+06,1
4.6314e+05,3.7574e+06,1
4.6592e+05,3.7564e+06,1
4.588e+05,3.7544e+06,1
4.6111e+05,3.7529e+06,1
4.7303e+05,3.7619e+06,1
4.595e+05,3.7512e+06,1
4.6546e+05,3.7562e+06,1
4.5401e+05,3.7517e+06,1
4.6728e+05,3.762e+06,1
4.6684e+05,3.7595e+06,1
4.5211e+05,3.7517e+06,1
4.6571e+05,3.7561e+06,1
4.6188e+05,3.7566e+06,1
4.6601e+05,3.7528e+06,1
4.6571e+05,3.7617e+06,1
4.6674e+05,3.749e+06,1
4.6503e+05,3.7587e+06,1
4.5224e+05,3.7509e+06,1
4.5533e+05,3.7592e+06,1
4.71e+05,3.7572e+06,1
4.6738e+05,3.7594e+06,1
4.6086e+05,3.7491e+06,1
4.5779e+05,3.7576e+06,1
4.6815e+05,3.761e+06,1
4.6589e+05,3.7627e+06,1
4.6274e+05,3.7565e+06,1
4.6305e+05,3.7586e+06,1
4.7427e+05,3.7518e+06,1
4.708e+05,3.7603e+06,1
4.6355e+05,3.7565e+06,1
4.5265e+05,3.7491e+06,1
4.6337e+05,3.7571e+06,1
4.6456e+05,3.761e+06,1
4.6969e+05,3.7572e+06,1
4.5932e+05,3.7581e+06,1
4.6114e+05,3.7573e+06,1
4.55e+05,3.7525e+06,1
4.6153e+05,3.7546e+06,1
4.6603e+05,3.7568e+06,1
4.6031e+05,3.758e+06,1
4.5674e+05,3.7508e+06,1
4.6632e+05,3.7613e+06,1
4.5145e+05,3.7513e+06,1
4.5387e+05,3.75e+06,1
4.6823e+05,3.7576e+06,1
4.714e+05,3.7623e+06,1
4.5818e+05,3.7593e+06,1
4.6992e+05,3.7508e+06,1
4.6219e+05,3.754e+06,1
4.6734e+05,3.7592e+06,1
4.6928e+05,3.7634e+06,1
4.516e+05,3.7518e+06,1
4.7129e+05,3.7574e+06,1
4.6994e+05,3.7543e+06,1
4.6277e+05,3.7553e+06,1
4.5971e+05,3.7555e+06,1
4.5804e+05,3.754e+06,1
4.6633e+05,3.7602e+06,1
4.6763e+05,3.7553e+06,1
4.704e+05,3.7602e+06,1
4.7198e+05,3.751e+06,1
4.5563e+05,3.7594e+06,1
4.7436e+05,3.7563e+06,1
4.6958e+05,3.7605e+06,1
4.6324e+05,3.7591e+06,1
4.5677e+05,3.7555e+06,1
4.7035e+05,3.7525e+06,1
4.6598e+05,3.7576e+06,1
4.5995e+05,3.753e+06,1
4.5164e+05,3.7508e+06,1
4.7076e+05,3.75e+06,1
4.6393e+05,3.752e+06,1
4.7006e+05,3.7566e+06,1
4.6513e+05,3.759e+06,1
4.6574e+05,3.7577e+06,1
4.6723e+05,3.7564e+06,1
4.7428e+05,3.7628e+06,1
4.6467e+05,3.753e+06,1
4.6966e+05,3.7583e+06,1
4.5164e+05,3.7503e+06,1
4.6872e+05,3.7499e+06,1
4.647e+05,3.755e+06,1
4.6429e+05,3.7578e+06,1
4.7113e+05,3.7587e+06,1
4.5823e+05,3.7493e+06,1
4.6098e+05,3.7558e+06,1
4.6355e+05,3.7517e+06,1
4.5347e+05,3.7497e+06,1
4.6489e+05,3.7604e+06,1
4.6596e+05,3.7614e+06,1
4.6493e+05,3.761e+06,1
4.5426e+05,3.7504e+06,1
4.6781e+05,3.7643e+06,1
4.6532e+05,3.7601e+06,1
4.6361e+05,3.7561e+06,1
4.6957e+05,3.7501e+06,1
4.6542e+05,3.7583e+06,1
4.6941e+05,3.7631e+06,1
4.5742e+05,3.7582e+06,1
4.5751e+05,3.7569e+06,1
4.705e+05,3.7642e+06,1
4.6501e+05,3.7531e+06,1
4.5892e+05,3.7546e+06,1
4.6711e+05,3.7592e+06,1
4.6831e+05,3.7605e+06,1
4.7189e+05,3.7633e+06,1
4.6987e+05,3.7495e+06,1
4.6595e+05,3.7573e+06,1
4.651e+05,3.7594e+06,1
4.652e+05,3.7597e+06,1
4.7251e+05,3.7557e+06,1
4.6538e+05,3.7628e+06,1
4.6498e+05,3.7601e+06,1
4.6397e+05,3.7486e+06,1
4.5886e+05,3.7517e+06,1
4.674e+05,3.7556e+06,1
4.6893e+05,3.7642e+06,1
4.6029e+05,3.7531e+06,1
4.6754e+05,3.7529e+06,1
4.5658e+05,3.7537e+06,1
4.653e+05,3.7557e+06,1
4.7216e+05,3.7502e+06,1
4.7259e+05,3.7482e+06,1
4.5609e+05,3.7562e+06,1
4.6225e+05,3.7554e+06,1
4.5629e+05,3.7504e+06,1
4.6118e+05,3.753e+06,1
4.6916e+05,3.7607e+06,1
4.659e+05,3.7631e+06,1
4.6675e+05,3.7574e+06,1
4.5183e+05,3.7571e+06,1
4.575e+05,3.753e+06,1
4.5974e+05,3.7508e+06,1
4.6641e+05,3.7615e+06,1
4.5992e+05,3.7523e+06,1
4.5549e+05,3.7527e+06,1
4.5406e+05,3.7531e+06,1
4.5687e+05,3.7514e+06,1
4.538e+05,3.7524e+06,1
4.7004e+05,3.7608e+06,1
4.5535e+05,3.7565e+06,1
4.6061e+05,3.7573e+06,1
4.6379e+05,3.7628e+06,1
4.6403e+05,3.7571e+06,1
4.6083e+05,3.7569e+06,1
4.5388e+05,3.7545e+06,1
4.5988e+05,3.7574e+06,1
4.6047e+05,3.758e+06,1
4.543e+05,3.7535e+06,1
4.5885e+05,3.7558e+06,1
4.6696e+05,3.7474e+06,1
4.7327e+05,3.7564e+06,1
4.5198e+05,3.7496e+06,1
4.6827e+05,3.7638e+06,1
4.5995e+05,3.752e+06,1
4.6256e+05,3.7518e+06,1
4.7433e+05,3.7608e+06,1
4.5299e+05,3.7566e+06,1
4.6681e+05,3.7524e+06,1
4.6547e+05,3.7597e+06,1
4.6436e+05,3.7598e+06,1
4.7124e+05,3.7599e+06,1
4.728e+05,3.7508e+06,1
4.733e+05,3.7544e+06,1
4.655e+05,3.7475e+06,1
4.5622e+05,3.7502e+06,1
4.5387e+05,3.7499e+06,1
4.7173e+05,3.7484e+06,1
4.5605e+05,3.753e+06,1
4.6921e+05,3.7548e+06,1
4.5641e+05,3.7547e+06,1
4.7407e+05,3.7501e+06,1
4.6419e+05,3.751e+06,1
4.6187e+05,3.7564e+06,1
4.6527e+05,3.7593e+06,1
4.6764e+05,3.7619e+06,1
4.6827e+05,3.7621e+06,1
4.7309e+05,3.7568e+06,1
4.7039e+05,3.7543e+06,1
4.6966e+05,3.7517e+06,1
4.588e+05,3.7561e+06,1
4.7131e+05,3.7498e+06,1
4.6865e+05,3.7498e+06,1
4.6546e+05,3.749e+06,1
4.6698e+05,3.7572e+06,1
4.6312e+05,3.7578e+06,1
4.5882e+05,3.7528e+06,1
4.6865e+05,3.7635e+06,1
4.5412e+05,3.7497e+06,1
4.6776e+05,3.7531e+06,1
4.6181e+05,3.7522e+06,1
4.5874e+05,3.7555e+06,1
4.7338e+05,3.7529e+06,1
4.5647e+05,3.7496e+06,1
4.7352e+05,3.7567e+06,1
4.6449e+05,3.7605e+06,1
4.652e+05,3.76e+06,1
4.6315e+05,3.7575e+06,1
4.6101e+05,3.7564e+06,1
4.6463e+05,3.7608e+06,1
4.6587e+05,3.7588e+06,1
4.6112e+05,3.7517e+06,1
4.638e+05,3.7529e+06,1
4.5521e+05,3.7525e+06,1
4.5436e+05,3.7552e+06,1
4.6e+05,3.7557e+06,1
4.5649e+05,3.7505e+06,1
4.5167e+05,3.7504e+06,1
4.6788e+05,3.7598e+06,1
4.6542e+05,3.7599e+06,1
4.5943e+05,3.7526e+06,1
4.6712e+05,3.7589e+06,1
4.6972e+05,3.7537e+06,1
4.5612e+05,3.7526e+06,1
4.6879e+05,3.7572e+06,1
4.6628e+05,3.7627e+06,1
4.5715e+05,3.7554e+06,1
4.6743e+05,3.7625e+06,1
4.5132e+05,3.7573e+06,1
4.6608e+05,3.7603e+06,1
4.6814e+05,3.7554e+06,1
4.5996e+05,3.7571e+06,1
4.6015e+05,3.7546e+06,1
4.7113e+05,3.7576e+06,1
4.7259e+05,3.7508e+06,1
4.6042e+05,3.7576e+06,1
4.5553e+05,3.7525e+06,1
4.5955e+05,3.7518e+06,1
4.5962e+05,3.7489e+06,1
4.5933e+05,3.7477e+06,1
4.7348e+05,3.7568e+06,1
4.6672e+05,3.7599e+06,1
4.7336e+05,3.756e+06,1
4.6444e+05,3.7604e+06,1
4.635e+05,3.7586e+06,1
4.7282e+05,3.748e+06,1
4.6904e+05,3.7531e+06,1
4.6689e+05,3.7593e+06,1
4.7037e+05,3.758e+06,1
4.5772e+05,3.7523e+06,1
4.6982e+05,3.7527e+06,1
4.6288e+05,3.7584e+06,1
4.6206e+05,3.7482e+06,1
4.5436e+05,3.7499e+06,1
4.6304e+05,3.7541e+06,1
4.6898e+05,3.7541e+06,1
4.6429e+05,3.7643e+06,1
4.6201e+05,3.7539e+06,1
4.6599e+05,3.7603e+06,1
4.5742e+05,3.7527e+06,1
4.7396e+05,3.751e+06,1
4.6764e+05,3.7492e+06,1
4.5738e+05,3.7592e+06,1
4.6402e+05,3.7637e+06,1
4.5323e+05,3.748e+06,1
4.7194e+05,3.7525e+06,1
4.696e+05,3.7534e+06,1
4.5378e+05,3.7493e+06,1
4.7357e+05,3.756e+06,1
4.7135e+05,3.7568e+06,1
4.5145e+05,3.7487e+06,1
4.5963e+05,3.7542e+06,1
4.549e+05,3.7523e+06,1
4.5957e+05,3.7581e+06,1
4.6711e+05,3.7591e+06,1
4.7272e+05,3.7523e+06,1
4.6177e+05,3.7566e+06,1
4.7151e+05,3.7508e+06,1
4.5476e+05,3.7566e+06,1
4.5288e+05,3.7486e+06,1
4.5367e+05,3.7511e+06,1
4.597e+05,3.7538e+06,1
4.6201e+05,3.7534e+06,1
4.6709e+05,3.7598e+06,1
4.733e+05,3.7546e+06,1
4.7067e+05,3.7487e+06,1
4.68e+05,3.7564e+06,1
4.6576e+05,3.7616e+06,1
4.5592e+05,3.7518e+06,1
4.6831e+05,3.7636e+06,1
4.5253e+05,3.7494e+06,1
4.522e+05,3.7486e+06,1
4.7116e+05,3.7579e+06,1
4.5793e+05,3.7537e+06,1
4.6717e+05,3.7624e+06,1
4.6675e+05,3.7609e+06,1
4.6944e+05,3.7601e+06,1
4.5681e+05,3.7572e+06,1
4.6274e+05,3.7571e+06,1
4.5882e+05,3.749e+06,1
4.5481e+05,3.7537e+06,1
4.5611e+05,3.7566e+06,1
4.5692e+05,3.7583e+06,1
4.7328e+05,3.7532e+06,1
4.729e+05,3.7505e+06,1
4.5489e+05,3.7511e+06,1
4.5438e+05,3.7541e+06,1
4.6169e+05,3.7547e+06,1
4.6354e+05,3.7582e+06,1
4.7073e+05,3.751e+06,1
4.6996e+05,3.7479e+06,1
4.6886e+05,3.7514e+06,1
4.6712e+05,3.7614e+06,1
4.538e+05,3.7505e+06,1
4.5999e+05,3.7577e+06,1
4.7119e+05,3.7527e+06,1
4.553e+05,3.7533e+06,1
4.7246e+05,3.7499e+06,1
4.6759e+05,3.7635e+06,1
4.568e+05,3.7532e+06,1
4.6401e+05,3.7582e+06,1
4.5911e+05,3.7487e+06,1
4.528e+05,3.7493e+06,1
4.6589e+05,3.7604e+06,1
4.5906e+05,3.7503e+06,1
4.7089e+05,3.7596e+06,1
4.6167e+05,3.7566e+06,1
4.6639e+05,3.7618e+06,1
4.629e+05,3.7521e+06,1
4.61e+05,3.7536e+06,1
4.6655e+05,3.7517e+06,1
4.7216e+05,3.7487e+06,1
4.7119e+05,3.7529e+06,1
4.663e+05,3.7569e+06,1
4.5716e+05,3.7561e+06,1
4.5771e+05,3.7593e+06,1
4.7001e+05,3.7638e+06,1
4.7057e+05,3.748e+06,1
4.6642e+05,3.7605e+06,1
4.6347e+05,3.7488e+06,1
4.5238e+05,3.7508e+06,1
4.7191e+05,3.7487e+06,1
4.6713e+05,3.7532e+06,1
4.667e+05,3.759e+06,1
4.6458e+05,3.7594e+06,1
4.517e+05,3.7501e+06,1
4.6229e+05,3.7558e+06,1
4.7004e+05,3.7547e+06,1
4.5598e+05,3.7533e+06,1
4.5612e+05,3.7592e+06,1
4.7159e+05,3.7569e+06,1
4.5724e+05,3.7566e+06,1
4.5173e+05,3.7575e+06,1
4.6431e+05,3.7544e+06,1
4.634e+05,3.7572e+06,1
4.5485e+05,3.7525e+06,1
4.6913e+05,3.7488e+06,1
4.7215e+05,3.7508e+06,1
4.6452e+05,3.7572e+06,1
4.5577e+05,3.7513e+06,1
4.6561e+05,3.7561e+06,1
4.6485e+05,3.762e+06,1
4.7128e+05,3.7505e+06,1
4.6397e+05,3.7645e+06,1
4.6689e+05,3.7592e+06,1
4.6992e+05,3.7531e+06,1
4.5396e+05,3.7495e+06,1
4.52e+05,3.7474e+06,1
4.7352e+05,3.7541e+06,1
4.5674e+05,3.75e+06,1
4.6487e+05,3.7606e+06,1
4.6638e+05,3.7603e+06,1
4.7075e+05,3.7587e+06,1
4.677e+05,3.7618e+06,1
4.6878e+05,3.7618e+06,1
4.6508e+05,3.7603e+06,1
4.6434e+05,3.7624e+06,1
4.7374e+05,3.7544e+06,1
4.6326e+05,3.7489e+06,1
4.5651e+05,3.7516e+06,1
4.6907e+05,3.7593e+06,1
4.624e+05,3.7562e+06,1
4.6029e+05,3.7552e+06,1
4.6468e+05,3.7606e+06,1
4.5908e+05,3.7555e+06,1
4.5635e+05,3.7558e+06,1
4.7093e+05,3.7505e+06,1
4.5333e+05,3.7508e+06,1
4.599e+05,3.7548e+06,1
4.6759e+05,3.7621e+06,1
4.6314e+05,3.758e+06,1
4.7437e+05,3.7565e+06,1
4.7448e+05,3.7548e+06,1
4.74e+05,3.7505e+06,1
4.7372e+05,3.761e+06,1
4.5348e+05,3.7583e+06,1
4.5584e+05,3.7584e+06,1
4.5967e+05,3.7558e+06,1
4.5835e+05,3.755e+06,1
4.6626e+05,3.7606e+06,1
4.5767e+05,3.7551e+06,1
4.5561e+05,3.755e+06,1
4.6595e+05,3.7606e+06,1
4.5541e+05,3.7556e+06,1
4.675e+05,3.7491e+06,1
4.6494e+05,3.7651e+06,1
4.6267e+05,3.7552e+06,1
4.6351e+05,3.7488e+06,1
4.5396e+05,3.751e+06,1
4.58e+05,3.7525e+06,1
4.6421e+05,3.7583e+06,1
4.6806e+05,3.7634e+06,1
4.6467e+05,3.7603e+06,1
4.5533e+05,3.7553e+06,1
4.5614e+05,3.7538e+06,1
4.5414e+05,3.7575e+06,1
4.5777e+05,3.7509e+06,1
4.5357e+05,3.7522e+06,1
4.7003e+05,3.749e+06,1
4.6317e+05,3.7566e+06,1
4.6833e+05,3.7544e+06,1
4.5364e+05,3.7518e+06,1
4.6869e+05,3.7638e+06,1
4.6754e+05,3.7624e+06,1
4.6465e+05,3.752e+06,1
4.5788e+05,3.7504e+06,1
4.678e+05,3.7567e+06,1
4.5768e+05,3.7478e+06,1
4.539e+05,3.7492e+06,1
4.6532e+05,3.7599e+06,1
4.7012e+05,3.7508e+06,1
4.6786e+05,3.7517e+06,1
4.6684e+05,3.7599e+06,1
4.6753e+05,3.7559e+06,1
4.6554e+05,3.7594e+06,1
4.5966e+05,3.7584e+06,1
4.6294e+05,3.7535e+06,1
4.6125e+05,3.753e+06,1
4.6193e+05,3.7545e+06,1
4.6572e+05,3.7613e+06,1
4.7033e+05,3.7519e+06,1
4.7124e+05,3.7592e+06,1
4.5978e+05,3.7527e+06,1
4.5765e+05,3.749e+06,1
4.6924e+05,3.7636e+06,1
4.6863e+05,3.7488e+06,1
4.6735e+05,3.7605e+06,1
4.5497e+05,3.7534e+06,1
4.6924e+05,3.7597e+06,1
4.6102e+05,3.7535e+06,1
4.6529e+05,3.7606e+06,1
4.6725e+05,3.7576e+06,1
4.5673e+05,3.7542e+06,1
4.6871e+05,3.7568e+06,1
4.68e+05,3.7545e+06,1
4.6581e+05,3.7601e+06,1
4.6476e+05,3.76e+06,1
4.5203e+05,3.7502e+06,1
4.5759e+05,3.7513e+06,1
4.5655e+05,3.7529e+06,1
4.7242e+05,3.7484e+06,1
4.6939e+05,3.7491e+06,1
4.7102e+05,3.7509e+06,1
4.5865e+05,3.7498e+06,1
4.5203e+05,3.7483e+06,1
4.6962e+05,3.7507e+06,1
4.5371e+05,3.7534e+06,1
4.528e+05,3.7492e+06,1
4.6551e+05,3.7565e+06,1
4.5867e+05,3.7552e+06,1
4.5175e+05,3.7556e+06,1
4.5139e+05,3.7553e+06,1
4.6387e+05,3.7548e+06,1
4.6279e+05,3.7579e+06,1
4.6391e+05,3.7574e+06,1
4.6381e+05,3.7572e+06,1
4.5392e+05,3.7498e+06,1
4.6432e+05,3.7554e+06,1
4.6452e+05,3.7556e+06,1
4.6432e+05,3.7631e+06,1
4.5606e+05,3.7578e+06,1
4.5652e+05,3.7561e+06,1
4.6574e+05,3.7562e+06,1
4.5496e+05,3.75e+06,1
4.5386e+05,3.7501e+06,1
4.5327e+05,3.7543e+06,1
4.5591e+05,3.7474e+06,1
4.5303e+05,3.7487e+06,1
4.6143e+05,3.7581e+06,1
4.6751e+05,3.7622e+06,1
4.6878e+05,3.7537e+06,1
4.69e+05,3.7537e+06,1
4.6954e+05,3.7531e+06,1
4.6543e+05,3.7579e+06,1
4.6419e+05,3.7582e+06,1
4.6214e+05,3.7576e+06,1
4.6137e+05,3.7538e+06,1
4.6072e+05,3.7539e+06,1
4.6497e+05,3.755e+06,1
4.7037e+05,3.7517e+06,1
4.6605e+05,3.7589e+06,1
4.5998e+05,3.7572e+06,1
4.6118e+05,3.7551e+06,1
4.5688e+05,3.753e+06,1
4.7078e+05,3.7579e+06,1
4.5387e+05,3.7498e+06,1
4.5658e+05,3.7536e+06,1
4.7391e+05,3.7611e+06,1
4.5536e+05,3.752e+06,1
4.68e+05,3.7635e+06,1
4.6568e+05,3.7611e+06,1
4.6915e+05,3.7479e+06,1
4.6758e+05,3.749e+06,1
4.5503e+05,3.7521e+06,1
4.5783e+05,3.7537e+06,1
4.6453e+05,3.7509e+06,1
4.6817e+05,3.7512e+06,1
4.6579e+05,3.7537e+06,1
4.5604e+05,3.752e+06,1
4.6795e+05,3.7499e+06,1
4.7205e+05,3.7506e+06,1
4.6061e+05,3.7514e+06,1
4.7356e+05,3.7565e+06,1
4.564e+05,3.7531e+06,1
4.5307e+05,3.7509e+06,1
4.6614e+05,3.7561e+06,1
4.6561e+05,3.7589e+06,1
4.6514e+05,3.7494e+06,1
4.7096e+05,3.7572e+06,1
4.5366e+05,3.7557e+06,1
4.6032e+05,3.7522e+06,1
4.7234e+05,3.7625e+06,1
4.5342e+05,3.7533e+06,1
4.5805e+05,3.7544e+06,1
4.5655e+05,3.7568e+06,1
4.6962e+05,3.7609e+06,1
4.6833e+05,3.7636e+06,1
4.6726e+05,3.7613e+06,1
4.6263e+05,3.7558e+06,1
4.5373e+05,3.7569e+06,1
4.675e+05,3.7586e+06,1
4.7042e+05,3.7625e+06,1
4.7043e+05,3.7622e+06,1
4.6375e+05,3.7622e+06,1
4.7333e+05,3.7544e+06,1
4.6669e+05,3.7595e+06,1
4.7056e+05,3.7508e+06,1
4.7245e+05,3.7512e+06,1
4.7329e+05,3.7543e+06,1
4.648e+05,3.7547e+06,1
4.7161e+05,3.7605e+06,1
4.6801e+05,3.7605e+06,1
4.6986e+05,3.757e+06,1
4.5679e+05,3.7578e+06,1
4.6053e+05,3.7518e+06,1
4.6554e+05,3.7554e+06,1
4.6384e+05,3.7564e+06,1
4.5987e+05,3.758e+06,1
4.6124e+05,3.7578e+06,1
4.5834e+05,3.7589e+06,1
4.5923e+05,3.7541e+06,1
4.6862e+05,3.7527e+06,1
4.6853e+05,3.761e+06,1
4.6848e+05,3.7609e+06,1
4.704e+05,3.759e+06,1
4.5794e+05,3.7514e+06,1
4.7581e+05,3.7628e+06,1
4.6486e+05,3.7599e+06,1
4.6397e+05,3.7628e+06,1
4.5807e+05,3.7592e+06,1
4.5738e+05,3.7577e+06,1
4.7324e+05,3.7547e+06,1
4.6959e+05,3.7516e+06,1
4.576e+05,3.7518e+06,1
4.71e+05,3.7524e+06,1
4.5854e+05,3.7518e+06,1
4.5604e+05,3.7528e+06,1
4.6337e+05,3.749e+06,1
4.5162e+05,3.7488e+06,1
4.7259e+05,3.7501e+06,1
4.7155e+05,3.7507e+06,1
4.6582e+05,3.7544e+06,1
4.5871e+05,3.7501e+06,1
4.629e+05,3.749e+06,1
4.7245e+05,3.7556e+06,1
4.5233e+05,3.7512e+06,1
4.6685e+05,3.7497e+06,1
4.5264e+05,3.7492e+06,1
4.7025e+05,3.7526e+06,1
4.6808e+05,3.7642e+06,1
4.6949e+05,3.7516e+06,1
4.6437e+05,3.7559e+06,1
4.6526e+05,3.7564e+06,1
4.5853e+05,3.7557e+06,1
4.5715e+05,3.7555e+06,1
4.5419e+05,3.7565e+06,1
4.5463e+05,3.7541e+06,1
4.5443e+05,3.7535e+06,1
4.6205e+05,3.7574e+06,1
4.6258e+05,3.757e+06,1
4.6423e+05,3.7621e+06,1
4.7189e+05,3.7587e+06,1
4.5749e+05,3.7594e+06,1
4.5647e+05,3.7572e+06,1
4.6627e+05,3.7616e+06,1
4.5121e+05,3.7584e+06,1
4.7113e+05,3.7497e+06,1
4.6876e+05,3.7508e+06,1
4.6443e+05,3.7587e+06,1
4.693e+05,3.7639e+06,1
4.6383e+05,3.7583e+06,1
4.6438e+05,3.7581e+06,1
4.5437e+05,3.7504e+06,1
4.7122e+05,3.7557e+06,1
4.6882e+05,3.7609e+06,1
4.6387e+05,3.7605e+06,1
4.6345e+05,3.7557e+06,1
4.7325e+05,3.7546e+06,1
4.6593e+05,3.76e+06,1
4.6535e+05,3.7595e+06,1
4.6171e+05,3.7596e+06,1
4.6126e+05,3.7527e+06,1
4.6467e+05,3.7609e+06,1
4.5196e+05,3.7488e+06,1
4.6159e+05,3.7553e+06,1
4.746e+05,3.7536e+06,1
4.6944e+05,3.7519e+06,1
4.6977e+05,3.7642e+06,1
4.6147e+05,3.7565e+06,1
4.5318e+05,3.7496e+06,1
4.5526e+05,3.7483e+06,1
4.5217e+05,3.7516e+06,1
4.6375e+05,3.7653e+06,1
4.6428e+05,3.762e+06,1
4.66e+05,3.7643e+06,1
4.7143e+05,3.7603e+06,1
4.5257e+05,3.7556e+06,1
4.5255e+05,3.7528e+06,1
4.5635e+05,3.7499e+06,1
4.6522e+05,3.7603e+06,1
4.538e+05,3.75e+06,1
4.69e+05,3.7534e+06,1
4.6384e+05,3.7577e+06,1
4.6401e+05,3.7579e+06,1
4.5167e+05,3.7506e+06,1
4.5633e+05,3.755e+06,1
4.5732e+05,3.7541e+06,1
4.7229e+05,3.7564e+06,1
4.5644e+05,3.7535e+06,1
4.743e+05,3.7603e+06,1
4.7189e+05,3.7509e+06,1
4.5374e+05,3.7495e+06,1
4.693e+05,3.7611e+06,1
4.7316e+05,3.7493e+06,1
4.7156e+05,3.7567e+06,1
4.7131e+05,3.7527e+06,1
4.6292e+05,3.7544e+06,1
4.5386e+05,3.7555e+06,1
4.5315e+05,3.7516e+06,1
4.5414e+05,3.7537e+06,1
4.6461e+05,3.7546e+06,1
4.7099e+05,3.7579e+06,1
4.5375e+05,3.755e+06,1
4.7069e+05,3.7606e+06,1
4.669e+05,3.7591e+06,1
4.6626e+05,3.7606e+06,1
4.6424e+05,3.7568e+06,1
4.6224e+05,3.7545e+06,1
4.6928e+05,3.764e+06,1
4.6421e+05,3.759e+06,1
4.6673e+05,3.7605e+06,1
4.7048e+05,3.7605e+06,1
4.6761e+05,3.7623e+06,1
4.7089e+05,3.749e+06,1
4.5773e+05,3.7498e+06,1
4.5585e+05,3.7499e+06,1
4.7126e+05,3.7577e+06,1
4.5821e+05,3.749e+06,1
4.6855e+05,3.7484e+06,1
4.6833e+05,3.7583e+06,1
4.6962e+05,3.7573e+06,1
4.7294e+05,3.754e+06,1
4.6043e+05,3.7561e+06,1
4.6508e+05,3.7542e+06,1
4.6699e+05,3.7571e+06,1
4.6524e+05,3.7595e+06,1
4.6045e+05,3.7559e+06,1
4.6565e+05,3.758e+06,1
4.711e+05,3.7597e+06,1
4.6185e+05,3.7574e+06,1
4.6263e+05,3.7578e+06,1
4.6972e+05,3.7571e+06,1
4.5462e+05,3.7527e+06,1
4.7476e+05,3.7615e+06,1
4.5659e+05,3.7545e+06,1
4.5646e+05,3.7541e+06,1
4.693e+05,3.7601e+06,1
4.6964e+05,3.758e+06,1
4.6197e+05,3.7549e+06,1
4.6114e+05,3.7556e+06,1
4.6479e+05,3.7605e+06,1
4.6721e+05,3.7574e+06,1
4.6811e+05,3.7626e+06,1
4.6815e+05,3.7608e+06,1
4.6892e+05,3.7549e+06,1
4.568e+05,3.7575e+06,1
4.6483e+05,3.7603e+06,1
4.5615e+05,3.7547e+06,1
4.7141e+05,3.7641e+06,1
4.5276e+05,3.7487e+06,1
4.7083e+05,3.7582e+06,1
4.7366e+05,3.7503e+06,1
4.7408e+05,3.7506e+06,1
4.5621e+05,3.7529e+06,1
4.5601e+05,3.7532e+06,1
4.66e+05,3.7579e+06,1
4.6827e+05,3.7642e+06,1
4.628e+05,3.7544e+06,1
4.571e+05,3.7556e+06,1
4.514e+05,3.757e+06,1
4.5141e+05,3.7551e+06,1
4.6436e+05,3.7611e+06,1
4.658e+05,3.7608e+06,1
4.7098e+05,3.7579e+06,1
4.6767e+05,3.7532e+06,1
4.5268e+05,3.7507e+06,1
4.5917e+05,3.7549e+06,1
4.5915e+05,3.7534e+06,1
4.6461e+05,3.759e+06,1
4.6352e+05,3.7571e+06,1
4.641e+05,3.7572e+06,1
4.6223e+05,3.7571e+06,1
4.6305e+05,3.7585e+06,1
4.6202e+05,3.7562e+06,1
4.6517e+05,3.7614e+06,1
4.6525e+05,3.7614e+06,1
4.575e+05,3.7596e+06,1
4.677e+05,3.761e+06,1
4.7024e+05,3.7487e+06,1
4.5447e+05,3.7488e+06,1
4.7114e+05,3.7592e+06,1
4.6997e+05,3.757e+06,1
4.5671e+05,3.7573e+06,1
4.602e+05,3.7575e+06,1
4.7091e+05,3.7601e+06,1
4.7042e+05,3.7507e+06,1
4.6751e+05,3.7596e+06,1
4.6735e+05,3.7596e+06,1
4.6672e+05,3.7596e+06,1
4.6557e+05,3.7585e+06,1
4.6748e+05,3.7567e+06,1
4.6744e+05,3.7565e+06,1
4.6714e+05,3.756e+06,1
4.6586e+05,3.76e+06,1
4.6309e+05,3.7556e+06,1
4.6214e+05,3.7555e+06,1
4.6407e+05,3.7536e+06,1
4.6025e+05,3.7563e+06,1
4.6133e+05,3.7531e+06,1
4.5638e+05,3.751e+06,1
4.6684e+05,3.76e+06,1
4.6468e+05,3.7564e+06,1
4.6954e+05,3.7601e+06,1
4.5475e+05,3.7527e+06,1
4.7182e+05,3.7597e+06,1
4.7361e+05,3.7535e+06,1
4.7368e+05,3.7564e+06,1
4.5786e+05,3.7514e+06,1
4.5854e+05,3.7511e+06,1
4.7022e+05,3.7584e+06,1
4.579e+05,3.752e+06,1
4.6728e+05,3.7589e+06,1
4.6435e+05,3.7589e+06,1
4.6542e+05,3.7601e+06,1
4.5155e+05,3.7491e+06,1
4.5223e+05,3.7498e+06,1
4.5164e+05,3.7507e+06,1
4.6535e+05,3.7613e+06,1
4.7083e+05,3.7493e+06,1
4.6089e+05,3.754e+06,1
4.5621e+05,3.7535e+06,1
4.7216e+05,3.7482e+06,1
4.7265e+05,3.7484e+06,1
4.6916e+05,3.748e+06,1
4.725e+05,3.7502e+06,1
4.7166e+05,3.7505e+06,1
4.7358e+05,3.7621e+06,1
4.6835e+05,3.748e+06,1
4.7337e+05,3.7546e+06,1
4.5267e+05,3.7484e+06,1
4.6852e+05,3.7635e+06,1
4.5396e+05,3.7541e+06,1
4.5851e+05,3.7559e+06,1
4.5218e+05,3.7512e+06,1
4.5351e+05,3.7534e+06,1
4.5943e+05,3.7547e+06,1
4.5925e+05,3.7523e+06,1
4.5373e+05,3.7553e+06,1
4.7082e+05,3.7607e+06,1
4.6319e+05,3.7588e+06,1
4.651e+05,3.7638e+06,1
4.6545e+05,3.7604e+06,1
4.5175e+05,3.7505e+06,1
4.5561e+05,3.7566e+06,1
4.6833e+05,3.7575e+06,1
4.5789e+05,3.7585e+06,1
4.7154e+05,3.7604e+06,1
4.6409e+05,3.7623e+06,1
4.7135e+05,3.7603e+06,1
4.6537e+05,3.7578e+06,1
4.6879e+05,3.7594e+06,1
4.7402e+05,3.7544e+06,1
4.6553e+05,3.7598e+06,1
4.617e+05,3.7533e+06,1
4.6743e+05,3.76e+06,1
4.5688e+05,3.75e+06,1
4.6955e+05,3.7528e+06,1
4.7428e+05,3.7522e+06,1
4.6562e+05,3.7583e+06,1
4.6794e+05,3.7557e+06,1
4.6785e+05,3.7562e+06,1
4.6342e+05,3.7565e+06,1
4.6113e+05,3.7577e+06,1
4.6494e+05,3.7603e+06,1
4.5614e+05,3.7532e+06,1
4.6045e+05,3.7592e+06,1
4.656e+05,3.7567e+06,1
4.5668e+05,3.7492e+06,1
4.5978e+05,3.7537e+06,1
4.6975e+05,3.7581e+06,1
4.6829e+05,3.7604e+06,1
4.6742e+05,3.7617e+06,1
4.547e+05,3.7506e+06,1
4.7029e+05,3.7642e+06,1
4.6332e+05,3.7624e+06,1
4.6784e+05,3.7546e+06,1
4.6845e+05,3.7639e+06,1
4.6657e+05,3.759e+06,1
4.6386e+05,3.7579e+06,1
4.6534e+05,3.7605e+06,1
4.5861e+05,3.7593e+06,1
4.6667e+05,3.7499e+06,1
4.6766e+05,3.7512e+06,1
4.6555e+05,3.7515e+06,1
4.5629e+05,3.7512e+06,1
4.5657e+05,3.7551e+06,1
4.7061e+05,3.7508e+06,1
4.7281e+05,3.7562e+06,1
4.7259e+05,3.748e+06,1
4.7259e+05,3.7484e+06,1
4.7362e+05,3.7504e+06,1
4.7383e+05,3.7505e+06,1
4.561e+05,3.7506e+06,1
4.5897e+05,3.7482e+06,1
4.5141e+05,3.7504e+06,1
4.7349e+05,3.7546e+06,1
4.6635e+05,3.7618e+06,1
4.6691e+05,3.7625e+06,1
4.6038e+05,3.7553e+06,1
4.5989e+05,3.7544e+06,1
4.514e+05,3.7559e+06,1
4.5345e+05,3.752e+06,1
4.6546e+05,3.7613e+06,1
4.598e+05,3.7546e+06,1
4.5366e+05,3.7548e+06,1
4.6762e+05,3.7558e+06,1
4.6656e+05,3.7626e+06,1
4.584e+05,3.7544e+06,1
4.5609e+05,3.759e+06,1
4.6342e+05,3.7584e+06,1
4.7322e+05,3.7571e+06,1
4.6589e+05,3.759e+06,1
4.6416e+05,3.7644e+06,1
4.6338e+05,3.7568e+06,1
4.5595e+05,3.7498e+06,1
4.7334e+05,3.7545e+06,1
4.6103e+05,3.7547e+06,1
4.6404e+05,3.7603e+06,1
4.6595e+05,3.7586e+06,1
4.5874e+05,3.7496e+06,1
4.6723e+05,3.7597e+06,1
4.6575e+05,3.7586e+06,1
4.6616e+05,3.76e+06,1
4.6001e+05,3.7536e+06,1
4.6709e+05,3.7597e+06,1
4.5382e+05,3.7531e+06,1
4.7401e+05,3.7536e+06,1
4.7054e+05,3.7611e+06,1
4.6114e+05,3.757e+06,1
4.5469e+05,3.7522e+06,1
4.7041e+05,3.7523e+06,1
4.7332e+05,3.7542e+06,1
4.5183e+05,3.7569e+06,1
4.5919e+05,3.7545e+06,1
4.6698e+05,3.7578e+06,1
4.5138e+05,3.7522e+06,1
4.5652e+05,3.7539e+06,1
4.6964e+05,3.7637e+06,1
4.6507e+05,3.7651e+06,1
4.5775e+05,3.7594e+06,1
4.6948e+05,3.7542e+06,1
4.6766e+05,3.7551e+06,1
4.6508e+05,3.7598e+06,1
4.5607e+05,3.7549e+06,1
4.7217e+05,3.7565e+06,1
4.5624e+05,3.7525e+06,1
4.5621e+05,3.7521e+06,1
4.6139e+05,3.7506e+06,1
4.7165e+05,3.7506e+06,1
4.6978e+05,3.7508e+06,1
4.5579e+05,3.7496e+06,1
4.5452e+05,3.7502e+06,1
4.6986e+05,3.7599e+06,1
4.6902e+05,3.7498e+06,1
4.6274e+05,3.7507e+06,1
4.5895e+05,3.7498e+06,1
4.7142e+05,3.7527e+06,1
4.6657e+05,3.7624e+06,1
4.6466e+05,3.7557e+06,1
4.6316e+05,3.7545e+06,1
4.5959e+05,3.7535e+06,1
4.7396e+05,3.7525e+06,1
4.6046e+05,3.7484e+06,1
4.5432e+05,3.7521e+06,1
4.5515e+05,3.7556e+06,1
4.575e+05,3.7546e+06,1
4.5975e+05,3.7547e+06,1
4.5985e+05,3.7523e+06,1
4.5937e+05,3.7546e+06,1
4.5662e+05,3.7566e+06,1
4.7084e+05,3.7598e+06,1
4.5417e+05,3.75e+06,1
4.6404e+05,3.7557e+06,1
4.6439e+05,3.7545e+06,1
4.6449e+05,3.7545e+06,1
4.5503e+05,3.7594e+06,1
4.6257e+05,3.7586e+06,1
4.543e+05,3.7496e+06,1
4.6334e+05,3.7584e+06,1
4.5161e+05,3.7506e+06,1
4.66e+05,3.759e+06,1
4.6709e+05,3.7612e+06,1
4.5801e+05,3.7586e+06,1
4.6711e+05,3.7594e+06,1
4.6628e+05,3.7573e+06,1
4.6564e+05,3.7629e+06,1
4.6546e+05,3.7594e+06,1
4.6123e+05,3.7549e+06,1
4.6022e+05,3.7533e+06,1
4.6653e+05,3.7574e+06,1
4.6464e+05,3.7618e+06,1
4.7042e+05,3.7539e+06,1
4.6773e+05,3.7633e+06,1
4.6141e+05,3.7574e+06,1
4.6262e+05,3.7575e+06,1
4.5227e+05,3.7516e+06,1
4.6318e+05,3.7512e+06,1
4.7072e+05,3.7571e+06,1
4.6527e+05,3.7608e+06,1
4.6897e+05,3.7501e+06,1
4.5621e+05,3.7479e+06,1
4.6834e+05,3.7638e+06,1
4.5363e+05,3.7504e+06,1
4.6938e+05,3.7634e+06,1
4.6339e+05,3.759e+06,1
4.6369e+05,3.7586e+06,1
4.7201e+05,3.7498e+06,1
4.716e+05,3.7607e+06,1
4.6907e+05,3.7643e+06,1
4.5287e+05,3.7487e+06,1
4.6921e+05,3.759e+06,1
4.6881e+05,3.7601e+06,1
4.5585e+05,3.7482e+06,1
4.7414e+05,3.7514e+06,1
4.6988e+05,3.7503e+06,1
4.5632e+05,3.7528e+06,1
4.5674e+05,3.7527e+06,1
4.6379e+05,3.7615e+06,1
4.6567e+05,3.7494e+06,1
4.6097e+05,3.7509e+06,1
4.7125e+05,3.7572e+06,1
4.6869e+05,3.7548e+06,1
4.643e+05,3.7573e+06,1
4.6774e+05,3.7638e+06,1
4.671e+05,3.7628e+06,1
4.6556e+05,3.755e+06,1
4.5792e+05,3.7552e+06,1
4.6052e+05,3.7525e+06,1
4.637e+05,3.7547e+06,1
4.7336e+05,3.7626e+06,1
4.6649e+05,3.7628e+06,1
4.6638e+05,3.7596e+06,1
4.654e+05,3.7593e+06,1
4.6203e+05,3.7579e+06,1
4.5201e+05,3.757e+06,1
4.5191e+05,3.7571e+06,1
4.627e+05,3.7538e+06,1
4.6325e+05,3.7581e+06,1
4.5564e+05,3.757e+06,1
4.5723e+05,3.7565e+06,1
4.6877e+05,3.7574e+06,1
4.643e+05,3.7588e+06,1
4.7004e+05,3.7608e+06,1
4.6594e+05,3.7592e+06,1
4.6915e+05,3.7516e+06,1
4.6509e+05,3.7577e+06,1
4.5909e+05,3.7495e+06,1
4.6979e+05,3.7571e+06,1
4.6704e+05,3.7574e+06,1
4.6476e+05,3.7525e+06,1
4.6634e+05,3.7629e+06,1
4.6545e+05,3.7586e+06,1
4.6597e+05,3.7602e+06,1
4.6457e+05,3.7607e+06,1
4.606e+05,3.757e+06,1
4.6668e+05,3.7644e+06,1
4.5267e+05,3.7498e+06,1
4.6903e+05,3.7638e+06,1
4.653e+05,3.7586e+06,1
4.6514e+05,3.7599e+06,1
4.5482e+05,3.7521e+06,1
4.5229e+05,3.7517e+06,1
4.6533e+05,3.763e+06,1
4.6964e+05,3.758e+06,1
4.7174e+05,3.7572e+06,1
4.665e+05,3.759e+06,1
4.6582e+05,3.7614e+06,1
4.6438e+05,3.7635e+06,1
4.6634e+05,3.7494e+06,1
4.6875e+05,3.7483e+06,1
4.5231e+05,3.75e+06,1
4.5731e+05,3.7544e+06,1
4.5823e+05,3.7518e+06,1
4.5861e+05,3.7519e+06,1
4.5877e+05,3.7543e+06,1
4.6055e+05,3.7534e+06,1
4.6482e+05,3.7494e+06,1
4.7411e+05,3.7504e+06,1
4.7389e+05,3.7503e+06,1
4.7009e+05,3.7514e+06,1
4.5665e+05,3.7498e+06,1
4.5475e+05,3.7501e+06,1
4.5352e+05,3.7493e+06,1
4.5724e+05,3.7503e+06,1
4.5992e+05,3.7483e+06,1
4.7147e+05,3.757e+06,1
4.7192e+05,3.7565e+06,1
4.6743e+05,3.7612e+06,1
4.687e+05,3.754e+06,1
4.6556e+05,3.7566e+06,1
4.6524e+05,3.7615e+06,1
4.5782e+05,3.7539e+06,1
4.7243e+05,3.7526e+06,1
4.7362e+05,3.7637e+06,1
4.5295e+05,3.7493e+06,1
4.6456e+05,3.7583e+06,1
4.5558e+05,3.7509e+06,1
4.5407e+05,3.7497e+06,1
4.623e+05,3.7583e+06,1
4.6291e+05,3.7576e+06,1
4.5742e+05,3.7583e+06,1
4.5666e+05,3.7532e+06,1
4.6405e+05,3.7591e+06,1
4.6809e+05,3.756e+06,1
4.6564e+05,3.7613e+06,1
4.7313e+05,3.7572e+06,1
4.648e+05,3.7504e+06,1
4.5277e+05,3.7496e+06,1
4.6668e+05,3.7615e+06,1
4.6851e+05,3.7636e+06,1
4.6877e+05,3.7544e+06,1
4.6412e+05,3.7577e+06,1
4.634e+05,3.7553e+06,1
4.6433e+05,3.7604e+06,1
4.6054e+05,3.7548e+06,1
4.6018e+05,3.756e+06,1
4.6397e+05,3.7587e+06,1
4.6264e+05,3.7567e+06,1
4.5844e+05,3.7587e+06,1
4.6903e+05,3.7596e+06,1
4.676e+05,3.762e+06,1
4.7067e+05,3.7528e+06,1
4.6546e+05,3.7588e+06,1
4.6567e+05,3.7564e+06,1
4.6895e+05,3.7639e+06,1
4.621e+05,3.7544e+06,1
4.6863e+05,3.7576e+06,1
4.6908e+05,3.7487e+06,1
4.6838e+05,3.7608e+06,1
4.7235e+05,3.7563e+06,1
4.5549e+05,3.7519e+06,1
4.6364e+05,3.765e+06,1
4.6721e+05,3.7585e+06,1
4.6794e+05,3.7633e+06,1
4.7007e+05,3.7518e+06,1
4.659e+05,3.7599e+06,1
4.7022e+05,3.7491e+06,1
4.5772e+05,3.7517e+06,1
4.5889e+05,3.7544e+06,1
4.6952e+05,3.7502e+06,1
4.6479e+05,3.7609e+06,1
4.5474e+05,3.7525e+06,1
4.6972e+05,3.7497e+06,1
4.6533e+05,3.7591e+06,1
4.6414e+05,3.7561e+06,1
4.5693e+05,3.7554e+06,1
4.6061e+05,3.7555e+06,1
4.5572e+05,3.7563e+06,1
4.6565e+05,3.7607e+06,1
4.7389e+05,3.7635e+06,1
4.5482e+05,3.7548e+06,1
4.5627e+05,3.7555e+06,1
4.7015e+05,3.7525e+06,1
4.6344e+05,3.7545e+06,1
4.6772e+05,3.7625e+06,1
4.5805e+05,3.7527e+06,1
4.6233e+05,3.7572e+06,1
4.6427e+05,3.7534e+06,1
4.651e+05,3.7613e+06,1
4.6512e+05,3.7606e+06,1
4.5599e+05,3.7579e+06,1
4.6883e+05,3.7589e+06,1
4.6568e+05,3.7563e+06,1
4.644e+05,3.754e+06,1
4.6962e+05,3.7622e+06,1
4.6937e+05,3.753e+06,1
4.6867e+05,3.7633e+06,1
4.7399e+05,3.752e+06,1
4.7136e+05,3.7558e+06,1
4.6889e+05,3.7578e+06,1
4.7355e+05,3.7543e+06,1
4.6067e+05,3.7566e+06,1
4.6148e+05,3.7549e+06,1
4.6886e+05,3.764e+06,1
4.6755e+05,3.7598e+06,1
4.6913e+05,3.7638e+06,1
4.6838e+05,3.7546e+06,1
4.6545e+05,3.7623e+06,1
4.6605e+05,3.7599e+06,1
4.6059e+05,3.7566e+06,1
4.6407e+05,3.7588e+06,1
4.5458e+05,3.7524e+06,1
4.7333e+05,3.7542e+06,1
4.5456e+05,3.7528e+06,1
4.5546e+05,3.7515e+06,1
4.5708e+05,3.7518e+06,1
4.5427e+05,3.7594e+06,1
4.6296e+05,3.7553e+06,1
4.643e+05,3.7523e+06,1
4.6511e+05,3.7603e+06,1
4.6809e+05,3.761e+06,1
4.6775e+05,3.7605e+06,1
4.6957e+05,3.7541e+06,1
4.6587e+05,3.7563e+06,1
4.6605e+05,3.7628e+06,1
4.7432e+05,3.7499e+06,1
4.6966e+05,3.7512e+06,1
4.5832e+05,3.7539e+06,1
4.5282e+05,3.7489e+06,1
4.7385e+05,3.7561e+06,1
4.7285e+05,3.7482e+06,1
4.7227e+05,3.7509e+06,1
4.7239e+05,3.7511e+06,1
4.7333e+05,3.753e+06,1
4.5255e+05,3.7482e+06,1
4.6836e+05,3.7508e+06,1
4.6648e+05,3.7593e+06,1
4.6797e+05,3.764e+06,1
4.5359e+05,3.753e+06,1
4.577e+05,3.7546e+06,1
4.5742e+05,3.7511e+06,1
4.5427e+05,3.7543e+06,1
4.6461e+05,3.7539e+06,1
4.5768e+05,3.7516e+06,1
4.5162e+05,3.7572e+06,1
4.6854e+05,3.7602e+06,1
4.6935e+05,3.7606e+06,1
4.7069e+05,3.7597e+06,1
4.6905e+05,3.7527e+06,1
4.6408e+05,3.7575e+06,1
4.5259e+05,3.7494e+06,1
4.6524e+05,3.7586e+06,1
4.7345e+05,3.7545e+06,1
4.5182e+05,3.7505e+06,1
4.5679e+05,3.7488e+06,1
4.6735e+05,3.7582e+06,1
4.6038e+05,3.7574e+06,1
4.6004e+05,3.7532e+06,1
4.664e+05,3.7575e+06,1
4.6892e+05,3.7632e+06,1
4.662e+05,3.7597e+06,1
4.6543e+05,3.7591e+06,1
4.6427e+05,3.7579e+06,1
4.6503e+05,3.7602e+06,1
4.6834e+05,3.7608e+06,1
4.6211e+05,3.7546e+06,1
4.6619e+05,3.7602e+06,1
4.6091e+05,3.7536e+06,1
4.6522e+05,3.7608e+06,1
4.5897e+05,3.7545e+06,1
4.684e+05,3.7617e+06,1
4.7395e+05,3.7516e+06,1
4.5592e+05,3.7514e+06,1
4.5789e+05,3.7532e+06,1
4.6771e+05,3.7595e+06,1
4.6647e+05,3.7583e+06,1
4.6884e+05,3.7636e+06,1
4.6639e+05,3.7581e+06,1
4.6601e+05,3.7588e+06,1
4.6603e+05,3.7604e+06,1
4.6438e+05,3.76e+06,1
4.6322e+05,3.7557e+06,1
4.5545e+05,3.7547e+06,1
4.5665e+05,3.7549e+06,1
4.5922e+05,3.7515e+06,1
4.5512e+05,3.7541e+06,1
4.6837e+05,3.7529e+06,1
4.5133e+05,3.7501e+06,1
4.5298e+05,3.7496e+06,1
4.5605e+05,3.754e+06,1
4.7098e+05,3.7498e+06,1
4.6543e+05,3.7496e+06,1
4.672e+05,3.7589e+06,1
4.6704e+05,3.7589e+06,1
4.7027e+05,3.7542e+06,1
4.6638e+05,3.76e+06,1
4.6459e+05,3.7581e+06,1
4.5651e+05,3.7564e+06,1
4.5293e+05,3.7513e+06,1
4.5897e+05,3.7552e+06,1
4.55e+05,3.7564e+06,1
4.66e+05,3.7602e+06,1
4.5242e+05,3.7519e+06,1
4.6794e+05,3.7485e+06,1
4.7038e+05,3.7501e+06,1
4.6984e+05,3.75e+06,1
4.5201e+05,3.7571e+06,1
4.5399e+05,3.7499e+06,1
4.6714e+05,3.7537e+06,1
4.6458e+05,3.7628e+06,1
4.6663e+05,3.7611e+06,1
4.5695e+05,3.7583e+06,1
4.7463e+05,3.7579e+06,1
4.5982e+05,3.7571e+06,1
4.6094e+05,3.7551e+06,1
4.6393e+05,3.7642e+06,1
4.7253e+05,3.7499e+06,1
4.6903e+05,3.7504e+06,1
4.6504e+05,3.754e+06,1
4.6621e+05,3.7635e+06,1
4.6962e+05,3.7536e+06,1
4.6623e+05,3.7633e+06,1
4.661e+05,3.7599e+06,1
4.6433e+05,3.7583e+06,1
4.6425e+05,3.7554e+06,1
4.6182e+05,3.7572e+06,1
4.6054e+05,3.753e+06,1
4.6893e+05,3.7598e+06,1
4.5181e+05,3.7521e+06,1
4.5363e+05,3.7507e+06,1
4.5579e+05,3.751e+06,1
4.6364e+05,3.7588e+06,1
4.6184e+05,3.7553e+06,1
4.6762e+05,3.7593e+06,1
4.6908e+05,3.7571e+06,1
4.6709e+05,3.7595e+06,1
4.6314e+05,3.7572e+06,1
4.6375e+05,3.7553e+06,1
4.5913e+05,3.7588e+06,1
4.6895e+05,3.7474e+06,1
4.6675e+05,3.7485e+06,1
4.5835e+05,3.7533e+06,1
4.5868e+05,3.754e+06,1
4.595e+05,3.7521e+06,1
4.5193e+05,3.754e+06,1
4.565e+05,3.7534e+06,1
4.719e+05,3.7485e+06,1
4.6182e+05,3.7501e+06,1
4.6511e+05,3.758e+06,1
4.6412e+05,3.7516e+06,1
4.7308e+05,3.7488e+06,1
4.6626e+05,3.7604e+06,1
4.6438e+05,3.7576e+06,1
4.628e+05,3.7547e+06,1
4.5971e+05,3.7534e+06,1
4.5563e+05,3.7592e+06,1
4.559e+05,3.7557e+06,1
4.5996e+05,3.7524e+06,1
4.6009e+05,3.7522e+06,1
4.6935e+05,3.7636e+06,1
4.676e+05,3.762e+06,1
4.6403e+05,3.7569e+06,1
4.6915e+05,3.749e+06,1
4.5441e+05,3.7499e+06,1
4.6314e+05,3.7587e+06,1
4.6291e+05,3.7577e+06,1
4.5621e+05,3.7573e+06,1
4.5648e+05,3.7583e+06,1
4.7146e+05,3.759e+06,1
4.7002e+05,3.7605e+06,1
4.6937e+05,3.7591e+06,1
4.7432e+05,3.754e+06,1
4.7079e+05,3.7637e+06,1
4.5374e+05,3.7498e+06,1
4.6967e+05,3.7574e+06,1
4.6987e+05,3.7604e+06,1
4.6709e+05,3.7596e+06,1
4.6561e+05,3.7621e+06,1
4.6428e+05,3.7594e+06,1
4.6373e+05,3.7565e+06,1
4.7292e+05,3.7555e+06,1
4.6333e+05,3.7488e+06,1
4.6605e+05,3.761e+06,1
4.6567e+05,3.7603e+06,1
4.5809e+05,3.7494e+06,1
4.6316e+05,3.7579e+06,1
4.6948e+05,3.7571e+06,1
4.7397e+05,3.7542e+06,1
4.7286e+05,3.756e+06,1
4.6777e+05,3.7629e+06,1
4.6301e+05,3.7591e+06,1
4.6418e+05,3.7646e+06,1
4.664e+05,3.759e+06,1
4.661e+05,3.7631e+06,1
4.6541e+05,3.7596e+06,1
4.6355e+05,3.7568e+06,1
4.7446e+05,3.7509e+06,1
4.5813e+05,3.7521e+06,1
4.7332e+05,3.7563e+06,1
4.5651e+05,3.7532e+06,1
4.7185e+05,3.7503e+06,1
4.5674e+05,3.7503e+06,1
4.5081e+05,3.7529e+06,1
4.6768e+05,3.7601e+06,1
4.6261e+05,3.7548e+06,1
4.5775e+05,3.7551e+06,1
4.582e+05,3.7539e+06,1
4.5374e+05,3.7508e+06,1
4.5958e+05,3.755e+06,1
4.6741e+05,3.7563e+06,1
4.6667e+05,3.7588e+06,1
4.5418e+05,3.7511e+06,1
4.6461e+05,3.7602e+06,1
4.6432e+05,3.7536e+06,1
4.5682e+05,3.7557e+06,1
4.6832e+05,3.7492e+06,1
4.6925e+05,3.7639e+06,1
4.6364e+05,3.7582e+06,1
4.6413e+05,3.7584e+06,1
4.7025e+05,3.7631e+06,1
4.5673e+05,3.7494e+06,1
4.6716e+05,3.7616e+06,1
4.5543e+05,3.7561e+06,1
4.5992e+05,3.7502e+06,1
4.6702e+05,3.7613e+06,1
4.7002e+05,3.7569e+06,1
4.6514e+05,3.7609e+06,1
4.6935e+05,3.7642e+06,1
4.6695e+05,3.7598e+06,1
4.6644e+05,3.7573e+06,1
4.6731e+05,3.7567e+06,1
4.592e+05,3.7587e+06,1
4.6233e+05,3.7557e+06,1
4.6177e+05,3.7537e+06,1
4.6864e+05,3.76e+06,1
4.6645e+05,3.7606e+06,1
4.666e+05,3.7601e+06,1
4.6941e+05,3.7639e+06,1
4.58e+05,3.7592e+06,1
4.6928e+05,3.7546e+06,1
4.7038e+05,3.7629e+06,1
4.6888e+05,3.7625e+06,1
4.6816e+05,3.7612e+06,1
4.5701e+05,3.7533e+06,1
4.5388e+05,3.7489e+06,1
4.5621e+05,3.7504e+06,1
4.6503e+05,3.7609e+06,1
4.6854e+05,3.7542e+06,1
4.5235e+05,3.7483e+06,1
4.5769e+05,3.7537e+06,1
4.579e+05,3.7526e+06,1
4.5631e+05,3.7552e+06,1
4.7072e+05,3.7495e+06,1
4.5384e+05,3.7501e+06,1
4.5518e+05,3.7533e+06,1
4.5604e+05,3.7521e+06,1
4.7173e+05,3.7487e+06,1
4.6513e+05,3.7492e+06,1
4.6822e+05,3.7637e+06,1
4.6847e+05,3.7502e+06,1
4.5633e+05,3.7527e+06,1
4.717e+05,3.751e+06,1
4.5265e+05,3.7504e+06,1
4.6976e+05,3.7483e+06,1
4.6816e+05,3.755e+06,1
4.6885e+05,3.754e+06,1
4.661e+05,3.762e+06,1
4.6654e+05,3.7595e+06,1
4.6472e+05,3.7574e+06,1
4.6971e+05,3.7588e+06,1
4.5382e+05,3.7547e+06,1
4.5326e+05,3.7535e+06,1
4.5757e+05,3.7512e+06,1
4.5358e+05,3.7532e+06,1
4.5396e+05,3.7535e+06,1
4.5571e+05,3.7557e+06,1
4.5879e+05,3.7535e+06,1
4.596e+05,3.7548e+06,1
4.7407e+05,3.7633e+06,1
4.6286e+05,3.7568e+06,1
4.6386e+05,3.7614e+06,1
4.5633e+05,3.757e+06,1
4.6267e+05,3.7567e+06,1
4.7141e+05,3.7627e+06,1
4.6307e+05,3.7585e+06,1
4.7027e+05,3.7593e+06,1
4.7e+05,3.7606e+06,1
4.6904e+05,3.7642e+06,1
4.7019e+05,3.7637e+06,1
